7Networks_LH_Vis_1,7Networks_LH_Vis_2,7Networks_LH_Vis_3,7Networks_LH_Vis_4,7Networks_LH_Vis_5,7Networks_LH_Vis_6,7Networks_LH_Vis_7,7Networks_LH_Vis_8,7Networks_LH_Vis_9,7Networks_LH_Vis_10,7Networks_LH_Vis_11,7Networks_LH_Vis_12,7Networks_LH_Vis_13,7Networks_LH_Vis_14,7Networks_LH_Vis_15,7Networks_LH_Vis_16,7Networks_LH_Vis_17,7Networks_LH_Vis_18,7Networks_LH_Vis_19,7Networks_LH_Vis_20,7Networks_LH_Vis_21,7Networks_LH_Vis_22,7Networks_LH_Vis_23,7Networks_LH_Vis_24,7Networks_LH_Vis_25,7Networks_LH_Vis_26,7Networks_LH_Vis_27,7Networks_LH_Vis_28,7Networks_LH_Vis_29,7Networks_LH_Vis_30,7Networks_LH_Vis_31,7Networks_LH_Vis_32,7Networks_LH_Vis_33,7Networks_LH_Vis_34,7Networks_LH_Vis_35,7Networks_LH_Vis_36,7Networks_LH_Vis_37,7Networks_LH_Vis_38,7Networks_LH_Vis_39,7Networks_LH_SomMot_1,7Networks_LH_SomMot_2,7Networks_LH_SomMot_3,7Networks_LH_SomMot_4,7Networks_LH_SomMot_5,7Networks_LH_SomMot_6,7Networks_LH_SomMot_7,7Networks_LH_SomMot_8,7Networks_LH_SomMot_9,7Networks_LH_SomMot_10,7Networks_LH_SomMot_11,7Networks_LH_SomMot_12,7Networks_LH_SomMot_13,7Networks_LH_SomMot_14,7Networks_LH_SomMot_15,7Networks_LH_SomMot_16,7Networks_LH_SomMot_17,7Networks_LH_SomMot_18,7Networks_LH_SomMot_19,7Networks_LH_SomMot_20,7Networks_LH_SomMot_21,7Networks_LH_SomMot_22,7Networks_LH_SomMot_23,7Networks_LH_SomMot_24,7Networks_LH_SomMot_25,7Networks_LH_SomMot_26,7Networks_LH_SomMot_27,7Networks_LH_SomMot_28,7Networks_LH_SomMot_29,7Networks_LH_SomMot_30,7Networks_LH_SomMot_31,7Networks_LH_SomMot_32,7Networks_LH_SomMot_33,7Networks_LH_SomMot_34,7Networks_LH_SomMot_35,7Networks_LH_SomMot_36,7Networks_LH_SomMot_37,7Networks_LH_SomMot_38,7Networks_LH_SomMot_39,7Networks_LH_SomMot_40,7Networks_LH_SomMot_41,7Networks_LH_SomMot_42,7Networks_LH_SomMot_43,7Networks_LH_SomMot_44,7Networks_LH_SomMot_45,7Networks_LH_SomMot_46,7Networks_LH_SomMot_47,7Networks_LH_DorsAttn_Post_1,7Networks_LH_DorsAttn_Post_2,7Networks_LH_DorsAttn_Post_3,7Networks_LH_DorsAttn_Post_4,7Networks_LH_DorsAttn_Post_5,7Networks_LH_DorsAttn_Post_6,7Networks_LH_DorsAttn_Post_7,7Networks_LH_DorsAttn_Post_8,7Networks_LH_DorsAttn_Post_9,7Networks_LH_DorsAttn_Post_10,7Networks_LH_DorsAttn_Post_11,7Networks_LH_DorsAttn_Post_12,7Networks_LH_DorsAttn_Post_13,7Networks_LH_DorsAttn_Post_14,7Networks_LH_DorsAttn_Post_15,7Networks_LH_DorsAttn_Post_16,7Networks_LH_DorsAttn_Post_17,7Networks_LH_DorsAttn_Post_18,7Networks_LH_DorsAttn_Post_19,7Networks_LH_DorsAttn_FEF_1,7Networks_LH_DorsAttn_FEF_2,7Networks_LH_DorsAttn_FEF_3,7Networks_LH_DorsAttn_FEF_4,7Networks_LH_DorsAttn_PrCv_1,7Networks_LH_DorsAttn_PrCv_2,7Networks_LH_SalVentAttn_ParOper_1,7Networks_LH_SalVentAttn_ParOper_2,7Networks_LH_SalVentAttn_ParOper_3,7Networks_LH_SalVentAttn_ParOper_4,7Networks_LH_SalVentAttn_ParOper_5,7Networks_LH_SalVentAttn_TempOcc_1,7Networks_LH_SalVentAttn_FrOperIns_1,7Networks_LH_SalVentAttn_FrOperIns_2,7Networks_LH_SalVentAttn_FrOperIns_3,7Networks_LH_SalVentAttn_FrOperIns_4,7Networks_LH_SalVentAttn_FrOperIns_5,7Networks_LH_SalVentAttn_FrOperIns_6,7Networks_LH_SalVentAttn_FrOperIns_7,7Networks_LH_SalVentAttn_FrOperIns_8,7Networks_LH_SalVentAttn_FrOperIns_9,7Networks_LH_SalVentAttn_FrOperIns_10,7Networks_LH_SalVentAttn_PFCl_1,7Networks_LH_SalVentAttn_Med_1,7Networks_LH_SalVentAttn_Med_2,7Networks_LH_SalVentAttn_Med_3,7Networks_LH_SalVentAttn_Med_4,7Networks_LH_SalVentAttn_Med_5,7Networks_LH_SalVentAttn_Med_6,7Networks_LH_SalVentAttn_Med_7,7Networks_LH_SalVentAttn_Med_8,7Networks_LH_SalVentAttn_Med_9,7Networks_LH_SalVentAttn_Med_10,7Networks_LH_Limbic_OFC_1,7Networks_LH_Limbic_OFC_2,7Networks_LH_Limbic_OFC_3,7Networks_LH_Limbic_OFC_4,7Networks_LH_Limbic_OFC_5,7Networks_LH_Limbic_OFC_6,7Networks_LH_Limbic_TempPole_1,7Networks_LH_Limbic_TempPole_2,7Networks_LH_Limbic_TempPole_3,7Networks_LH_Limbic_TempPole_4,7Networks_LH_Limbic_TempPole_5,7Networks_LH_Limbic_TempPole_6,7Networks_LH_Limbic_TempPole_7,7Networks_LH_Limbic_TempPole_8,7Networks_LH_Limbic_TempPole_9,7Networks_LH_Limbic_TempPole_10,7Networks_LH_Cont_Par_1,7Networks_LH_Cont_Par_2,7Networks_LH_Cont_Par_3,7Networks_LH_Cont_Par_4,7Networks_LH_Cont_Par_5,7Networks_LH_Cont_Par_6,7Networks_LH_Cont_Par_7,7Networks_LH_Cont_Par_8,7Networks_LH_Cont_Temp_1,7Networks_LH_Cont_PFCd_1,7Networks_LH_Cont_PFCd_2,7Networks_LH_Cont_OFC_1,7Networks_LH_Cont_PFCl_1,7Networks_LH_Cont_PFCl_2,7Networks_LH_Cont_PFCl_3,7Networks_LH_Cont_PFCl_4,7Networks_LH_Cont_PFCl_5,7Networks_LH_Cont_PFCl_6,7Networks_LH_Cont_PFCl_7,7Networks_LH_Cont_PFCl_8,7Networks_LH_Cont_PFCl_9,7Networks_LH_Cont_PFCv_1,7Networks_LH_Cont_pCun_1,7Networks_LH_Cont_pCun_2,7Networks_LH_Cont_pCun_3,7Networks_LH_Cont_Cing_1,7Networks_LH_Cont_Cing_2,7Networks_LH_Cont_Cing_3,7Networks_LH_Cont_PFCmp_1,7Networks_LH_Cont_PFCmp_2,7Networks_LH_Cont_PFCmp_3,7Networks_LH_Default_Temp_1,7Networks_LH_Default_Temp_2,7Networks_LH_Default_Temp_3,7Networks_LH_Default_Temp_4,7Networks_LH_Default_Temp_5,7Networks_LH_Default_Temp_6,7Networks_LH_Default_Temp_7,7Networks_LH_Default_Temp_8,7Networks_LH_Default_Temp_9,7Networks_LH_Default_Temp_10,7Networks_LH_Default_Temp_11,7Networks_LH_Default_Temp_12,7Networks_LH_Default_Par_1,7Networks_LH_Default_Par_2,7Networks_LH_Default_Par_3,7Networks_LH_Default_Par_4,7Networks_LH_Default_Par_5,7Networks_LH_Default_Par_6,7Networks_LH_Default_Par_7,7Networks_LH_Default_Par_8,7Networks_LH_Default_Par_9,7Networks_LH_Default_PFC_1,7Networks_LH_Default_PFC_2,7Networks_LH_Default_PFC_3,7Networks_LH_Default_PFC_4,7Networks_LH_Default_PFC_5,7Networks_LH_Default_PFC_6,7Networks_LH_Default_PFC_7,7Networks_LH_Default_PFC_8,7Networks_LH_Default_PFC_9,7Networks_LH_Default_PFC_10,7Networks_LH_Default_PFC_11,7Networks_LH_Default_PFC_12,7Networks_LH_Default_PFC_13,7Networks_LH_Default_PFC_14,7Networks_LH_Default_PFC_15,7Networks_LH_Default_PFC_16,7Networks_LH_Default_PFC_17,7Networks_LH_Default_PFC_18,7Networks_LH_Default_PFC_19,7Networks_LH_Default_PFC_20,7Networks_LH_Default_PFC_21,7Networks_LH_Default_PFC_22,7Networks_LH_Default_PFC_23,7Networks_LH_Default_PFC_24,7Networks_LH_Default_PFC_25,7Networks_LH_Default_PFC_26,7Networks_LH_Default_PFC_27,7Networks_LH_Default_PFC_28,7Networks_LH_Default_PFC_29,7Networks_LH_Default_PFC_30,7Networks_LH_Default_pCunPCC_1,7Networks_LH_Default_pCunPCC_2,7Networks_LH_Default_pCunPCC_3,7Networks_LH_Default_pCunPCC_4,7Networks_LH_Default_pCunPCC_5,7Networks_LH_Default_pCunPCC_6,7Networks_LH_Default_pCunPCC_7,7Networks_LH_Default_pCunPCC_8,7Networks_LH_Default_pCunPCC_9,7Networks_LH_Default_pCunPCC_10,7Networks_LH_Default_pCunPCC_11,7Networks_LH_Default_pCunPCC_12,7Networks_LH_Default_PHC_1,7Networks_LH_Default_PHC_2,7Networks_RH_Vis_1,7Networks_RH_Vis_2,7Networks_RH_Vis_3,7Networks_RH_Vis_4,7Networks_RH_Vis_5,7Networks_RH_Vis_6,7Networks_RH_Vis_7,7Networks_RH_Vis_8,7Networks_RH_Vis_9,7Networks_RH_Vis_10,7Networks_RH_Vis_11,7Networks_RH_Vis_12,7Networks_RH_Vis_13,7Networks_RH_Vis_14,7Networks_RH_Vis_15,7Networks_RH_Vis_16,7Networks_RH_Vis_17,7Networks_RH_Vis_18,7Networks_RH_Vis_19,7Networks_RH_Vis_20,7Networks_RH_Vis_21,7Networks_RH_Vis_22,7Networks_RH_Vis_23,7Networks_RH_Vis_24,7Networks_RH_Vis_25,7Networks_RH_Vis_26,7Networks_RH_Vis_27,7Networks_RH_Vis_28,7Networks_RH_Vis_29,7Networks_RH_Vis_30,7Networks_RH_Vis_31,7Networks_RH_Vis_32,7Networks_RH_Vis_33,7Networks_RH_Vis_34,7Networks_RH_Vis_35,7Networks_RH_SomMot_1,7Networks_RH_SomMot_2,7Networks_RH_SomMot_3,7Networks_RH_SomMot_4,7Networks_RH_SomMot_5,7Networks_RH_SomMot_6,7Networks_RH_SomMot_7,7Networks_RH_SomMot_8,7Networks_RH_SomMot_9,7Networks_RH_SomMot_10,7Networks_RH_SomMot_11,7Networks_RH_SomMot_12,7Networks_RH_SomMot_13,7Networks_RH_SomMot_14,7Networks_RH_SomMot_15,7Networks_RH_SomMot_16,7Networks_RH_SomMot_17,7Networks_RH_SomMot_18,7Networks_RH_SomMot_19,7Networks_RH_SomMot_20,7Networks_RH_SomMot_21,7Networks_RH_SomMot_22,7Networks_RH_SomMot_23,7Networks_RH_SomMot_24,7Networks_RH_SomMot_25,7Networks_RH_SomMot_26,7Networks_RH_SomMot_27,7Networks_RH_SomMot_28,7Networks_RH_SomMot_29,7Networks_RH_SomMot_30,7Networks_RH_SomMot_31,7Networks_RH_SomMot_32,7Networks_RH_SomMot_33,7Networks_RH_SomMot_34,7Networks_RH_SomMot_35,7Networks_RH_SomMot_36,7Networks_RH_SomMot_37,7Networks_RH_SomMot_38,7Networks_RH_SomMot_39,7Networks_RH_SomMot_40,7Networks_RH_SomMot_41,7Networks_RH_SomMot_42,7Networks_RH_SomMot_43,7Networks_RH_SomMot_44,7Networks_RH_SomMot_45,7Networks_RH_SomMot_46,7Networks_RH_SomMot_47,7Networks_RH_SomMot_48,7Networks_RH_SomMot_49,7Networks_RH_DorsAttn_Post_1,7Networks_RH_DorsAttn_Post_2,7Networks_RH_DorsAttn_Post_3,7Networks_RH_DorsAttn_Post_4,7Networks_RH_DorsAttn_Post_5,7Networks_RH_DorsAttn_Post_6,7Networks_RH_DorsAttn_Post_7,7Networks_RH_DorsAttn_Post_8,7Networks_RH_DorsAttn_Post_9,7Networks_RH_DorsAttn_Post_10,7Networks_RH_DorsAttn_Post_11,7Networks_RH_DorsAttn_Post_12,7Networks_RH_DorsAttn_Post_13,7Networks_RH_DorsAttn_Post_14,7Networks_RH_DorsAttn_Post_15,7Networks_RH_DorsAttn_Post_16,7Networks_RH_DorsAttn_Post_17,7Networks_RH_DorsAttn_Post_18,7Networks_RH_DorsAttn_Post_19,7Networks_RH_DorsAttn_Post_20,7Networks_RH_DorsAttn_Post_21,7Networks_RH_DorsAttn_Post_22,7Networks_RH_DorsAttn_Post_23,7Networks_RH_DorsAttn_Post_24,7Networks_RH_DorsAttn_FEF_1,7Networks_RH_DorsAttn_FEF_2,7Networks_RH_DorsAttn_FEF_3,7Networks_RH_DorsAttn_FEF_4,7Networks_RH_DorsAttn_PrCv_1,7Networks_RH_DorsAttn_PrCv_2,7Networks_RH_DorsAttn_PrCv_3,7Networks_RH_SalVentAttn_TempOccPar_1,7Networks_RH_SalVentAttn_TempOccPar_2,7Networks_RH_SalVentAttn_TempOccPar_3,7Networks_RH_SalVentAttn_TempOccPar_4,7Networks_RH_SalVentAttn_TempOccPar_5,7Networks_RH_SalVentAttn_TempOccPar_6,7Networks_RH_SalVentAttn_TempOccPar_7,7Networks_RH_SalVentAttn_TempOccPar_8,7Networks_RH_SalVentAttn_PrC_1,7Networks_RH_SalVentAttn_FrOperIns_1,7Networks_RH_SalVentAttn_FrOperIns_2,7Networks_RH_SalVentAttn_FrOperIns_3,7Networks_RH_SalVentAttn_FrOperIns_4,7Networks_RH_SalVentAttn_FrOperIns_5,7Networks_RH_SalVentAttn_FrOperIns_6,7Networks_RH_SalVentAttn_FrOperIns_7,7Networks_RH_SalVentAttn_FrOperIns_8,7Networks_RH_SalVentAttn_FrOperIns_9,7Networks_RH_SalVentAttn_PFCl_1,7Networks_RH_SalVentAttn_Med_1,7Networks_RH_SalVentAttn_Med_2,7Networks_RH_SalVentAttn_Med_3,7Networks_RH_SalVentAttn_Med_4,7Networks_RH_SalVentAttn_Med_5,7Networks_RH_SalVentAttn_Med_6,7Networks_RH_SalVentAttn_Med_7,7Networks_RH_SalVentAttn_Med_8,7Networks_RH_SalVentAttn_Med_9,7Networks_RH_SalVentAttn_Med_10,7Networks_RH_SalVentAttn_Med_11,7Networks_RH_SalVentAttn_Med_12,7Networks_RH_SalVentAttn_Med_13,7Networks_RH_Limbic_OFC_1,7Networks_RH_Limbic_OFC_2,7Networks_RH_Limbic_OFC_3,7Networks_RH_Limbic_OFC_4,7Networks_RH_Limbic_OFC_5,7Networks_RH_Limbic_OFC_6,7Networks_RH_Limbic_OFC_7,7Networks_RH_Limbic_TempPole_1,7Networks_RH_Limbic_TempPole_2,7Networks_RH_Limbic_TempPole_3,7Networks_RH_Limbic_TempPole_4,7Networks_RH_Limbic_TempPole_5,7Networks_RH_Limbic_TempPole_6,7Networks_RH_Limbic_TempPole_7,7Networks_RH_Limbic_TempPole_8,7Networks_RH_Limbic_TempPole_9,7Networks_RH_Limbic_TempPole_10,7Networks_RH_Cont_Par_1,7Networks_RH_Cont_Par_2,7Networks_RH_Cont_Par_3,7Networks_RH_Cont_Par_4,7Networks_RH_Cont_Par_5,7Networks_RH_Cont_Par_6,7Networks_RH_Cont_Temp_1,7Networks_RH_Cont_Temp_2,7Networks_RH_Cont_PFCv_1,7Networks_RH_Cont_PFCl_1,7Networks_RH_Cont_PFCl_2,7Networks_RH_Cont_PFCl_3,7Networks_RH_Cont_PFCl_4,7Networks_RH_Cont_PFCl_5,7Networks_RH_Cont_PFCl_6,7Networks_RH_Cont_PFCl_7,7Networks_RH_Cont_PFCl_8,7Networks_RH_Cont_PFCl_9,7Networks_RH_Cont_PFCl_10,7Networks_RH_Cont_PFCl_11,7Networks_RH_Cont_PFCl_12,7Networks_RH_Cont_PFCl_13,7Networks_RH_Cont_PFCl_14,7Networks_RH_Cont_PFCl_15,7Networks_RH_Cont_PFCl_16,7Networks_RH_Cont_PFCl_17,7Networks_RH_Cont_PFCl_18,7Networks_RH_Cont_PFCl_19,7Networks_RH_Cont_PFCl_20,7Networks_RH_Cont_pCun_1,7Networks_RH_Cont_pCun_2,7Networks_RH_Cont_pCun_3,7Networks_RH_Cont_Cing_1,7Networks_RH_Cont_Cing_2,7Networks_RH_Cont_Cing_3,7Networks_RH_Cont_PFCmp_1,7Networks_RH_Cont_PFCmp_2,7Networks_RH_Cont_PFCmp_3,7Networks_RH_Default_Par_1,7Networks_RH_Default_Par_2,7Networks_RH_Default_Par_3,7Networks_RH_Default_Par_4,7Networks_RH_Default_Par_5,7Networks_RH_Default_Par_6,7Networks_RH_Default_Par_7,7Networks_RH_Default_Par_8,7Networks_RH_Default_Temp_1,7Networks_RH_Default_Temp_2,7Networks_RH_Default_Temp_3,7Networks_RH_Default_Temp_4,7Networks_RH_Default_Temp_5,7Networks_RH_Default_Temp_6,7Networks_RH_Default_Temp_7,7Networks_RH_Default_Temp_8,7Networks_RH_Default_Temp_9,7Networks_RH_Default_Temp_10,7Networks_RH_Default_PFCv_1,7Networks_RH_Default_PFCv_2,7Networks_RH_Default_PFCv_3,7Networks_RH_Default_PFCv_4,7Networks_RH_Default_PFCdPFCm_1,7Networks_RH_Default_PFCdPFCm_2,7Networks_RH_Default_PFCdPFCm_3,7Networks_RH_Default_PFCdPFCm_4,7Networks_RH_Default_PFCdPFCm_5,7Networks_RH_Default_PFCdPFCm_6,7Networks_RH_Default_PFCdPFCm_7,7Networks_RH_Default_PFCdPFCm_8,7Networks_RH_Default_PFCdPFCm_9,7Networks_RH_Default_PFCdPFCm_10,7Networks_RH_Default_PFCdPFCm_11,7Networks_RH_Default_PFCdPFCm_12,7Networks_RH_Default_PFCdPFCm_13,7Networks_RH_Default_PFCdPFCm_14,7Networks_RH_Default_PFCdPFCm_15,7Networks_RH_Default_pCunPCC_1,7Networks_RH_Default_pCunPCC_2,7Networks_RH_Default_pCunPCC_3,7Networks_RH_Default_pCunPCC_4,7Networks_RH_Default_pCunPCC_5,7Networks_RH_Default_pCunPCC_6,7Networks_RH_Default_pCunPCC_7,7Networks_RH_Default_pCunPCC_8,7Networks_RH_Default_pCunPCC_9,7Networks_RH_Default_pCunPCC_10,7Networks_RH_Default_pCunPCC_11,gene
0.543986303932105,0.6775159164110034,NA,0.552506225459023,NA,NA,0.27342889853445,0,0.3341139919238735,NA,NA,0.520817609920482,0,NA,NA,NA,NA,NA,NA,0,0,NA,NA,NA,NA,NA,NA,NA,0.057627795443365,NA,NA,NA,NA,0.02838153348184495,NA,NA,NA,NA,NA,0,0,0,0.2174677468827055,NA,0,0.345852517732347,0,0,NA,NA,NA,0.299058646817081,NA,NA,NA,0,0.285071252525905,NA,0.324233444005955,NA,0,NA,0,0,NA,NA,0.1679172207920874,0.123521286651003,NA,0,0.0334814098914969,NA,NA,NA,NA,NA,NA,0,NA,NA,0,NA,0,0,0,NA,0.5536154532854636,0.47164699113136965,0.4997110149343986,NA,NA,0.1709447128286785,0,NA,0.442613826195018,NA,NA,0.3278778181313,NA,0.324651407810743,NA,NA,NA,0.625914005984533,NA,0.214048503636752,0.0286374827193667,NA,0,0.103274567429167,0,NA,0.09284323800899576,NA,0.310337372675934,NA,NA,0,NA,0.18159354539942751,0.17784969578527576,0.581659254549656,0,0,NA,NA,NA,0.443764436674935,0.251715076097864,0,NA,0,NA,NA,0.119778749002877,0,0,0,0.641338519128347,NA,0.5335500540788849,NA,0,NA,0.21805691883625436,0.5022405579226045,0.38433894114433337,0.634919076587968,0,0.3397626708042638,0.6222653802455045,NA,0,NA,NA,NA,NA,NA,NA,NA,NA,NA,0.0093327124409262,0,NA,0.34071696961132,NA,NA,0.520563584570784,0,0,NA,NA,0.20078534156344566,0.14649503778685,NA,NA,NA,NA,NA,0.0133210025755144,NA,0,0.325187485611959,NA,0.13975570600274356,0.2017876906063739,0.22318334454526795,0.726755403737597,0.5639879197940094,0.501048159308225,0.21536737452128718,NA,0.571770852401671,0,0.142627936776277,0.38109469226834847,NA,0.653107625124791,NA,NA,0,0,0.28402769541692,0.0780262120545995,0.101002268236545,NA,0,NA,NA,0.207583873365126,0,0.475457329488592,NA,NA,0.3106136484333277,NA,NA,NA,0,NA,NA,0,0.20098985262641775,0.4037286517234805,0.617402291027254,0.208672986168347,0.372510408432608,NA,0,NA,NA,0,0.1788581613993055,NA,0,NA,NA,0.394305771747479,NA,NA,NA,NA,NA,0.265519681095816,0,NA,0.5625260198151375,NA,NA,0.4351352828281055,0.2074984247338044,0.504894209462364,0,0.32935238856372767,NA,NA,NA,NA,0.262373789376615,0,NA,0,NA,NA,NA,NA,0,0.310748720441621,NA,NA,NA,NA,NA,0,0.012331810069565,NA,NA,NA,NA,NA,0.0911226892151943,NA,NA,NA,0.1037159887650964,0.222335939777377,0,0.0719456306766855,0,0,0.509876344972559,0.028366493054996864,NA,NA,NA,NA,NA,NA,0.0166846428631447,0.06282983559792954,NA,0,NA,NA,0.384848887541471,0.00655110238295755,NA,0,0.215735991691598,NA,0,0.096793383816767,0,0,0,NA,NA,NA,NA,0,0.0649090405970237,NA,NA,NA,NA,NA,0,NA,0,0,NA,0,0,0.331660905104631,0,NA,NA,NA,NA,NA,0,0.535394486193624,0.371644522406095,NA,0.703922429472037,0,0,NA,NA,NA,NA,NA,NA,NA,NA,NA,NA,NA,NA,0.34833016648833703,NA,NA,0,NA,NA,0,0,NA,NA,0.0865581979627267,0.2265554859403085,NA,0,NA,0.246296526915356,0.28769371389010107,0.244468142173751,0.22537627713751,0.501920224641591,NA,NA,NA,0.513219918129224,0,0,NA,NA,0.203057439610135,NA,0,0,NA,NA,NA,NA,NA,0,0,NA,0.42197834351220265,0.2082414396417645,0.310171592632728,0.30328580084068685,0,NA,0.3151121807292986,0.479768001721735,0.164861101952328,0.03503496744646545,0.228823350209373,0.15987731390117851,0.663678216781067,0.2175427079503635,0,NA,NA,NA,0,0,0,0.2464130892946248,NA,NA,0.2717277424060642,0,NA,0.406634214764106,0,NA,NA,0,NA,0.505250048979103,0,NA,NA,0,0,NA,0.073595904953574,0.226113008392812,NA,NA,NA,0,NA,0.233101089742336,NA,0,NA,0.201305571680817,NA,NA,NA,0,NA,0,NA,NA,0.3500792162612812,0.3510315296913099,NA,0,0.193760838784166,0.337696450495809,0,0,0,NA,NA,0,0,0,0,NA,NA,NA,0,0.2578527098463646,NA,0,0.12078229567543002,NA,0.18041135538510414,NA,0.1721057316132265,NA,NA,NA,0.1211684767342775,0,NA,0.224582048882562,NA,NA,NA,0.114453544108934,0.210435635613401,0,DFC_Ex1
0,0.096822610462647,NA,0.143236079983527,NA,NA,0.0170679825128208,0.0615563151905524,0.3238232203861705,NA,NA,0.357326892943887,0.348656750848978,NA,NA,NA,NA,NA,NA,0.0213568513457504,0.339443713294007,NA,NA,NA,NA,NA,NA,NA,0.06931286257241633,NA,NA,NA,NA,0.1465860811746575,NA,NA,NA,NA,NA,0.09286505134088832,0,0,0.1037425932041595,NA,0.319527837651778,0.075625512672625,0.136582404572065,0.120613747265931,NA,NA,NA,0.0307378983108358,NA,NA,NA,0,0,NA,0.154148700463267,NA,0.138857273790736,NA,0.45394416205930854,0.257819611564962,NA,NA,0.1746401208247324,0.179690339572928,NA,0.082517071904343,0.250938858114438,NA,NA,NA,NA,NA,NA,0,NA,NA,0,NA,0.15928419905907476,0,0.219105598259238,NA,0.0594966201378585,0.022687492679723267,0.06668352457737307,NA,NA,0.3981157195635505,0,NA,0.179075973749658,NA,NA,0.29919744272407334,NA,0,NA,NA,NA,0.0728145883566469,NA,0,0,NA,0,0.02535206243231855,0,NA,0.1389566787598846,NA,0.18164012812426,NA,NA,0,NA,0.00267205377579027,0,0,0,0,NA,NA,NA,0,0,0,NA,0,NA,NA,0,0.309219084795263,0.0673519455898817,0.0441128760363705,0,NA,0.13753582277819598,NA,0,NA,0,0.0100363531805481,0,0,0,0.007260624965453299,0,NA,0,NA,NA,NA,NA,NA,NA,NA,NA,NA,0.0173031366052482,0,NA,0.16785050661206333,NA,NA,0.103518829012641,0,0.08013651603857685,NA,NA,0.07322306958306846,0.295335599844102,NA,NA,NA,NA,NA,0.313540656483888,NA,0,0.269886746113187,NA,0,0.0032573087164267166,0.07425858680935035,0,0.01782320729216045,0.10323313991780639,0.07085447175578324,NA,0,0.3097105939154045,0.321640738651682,0.258114183835351,NA,0,NA,NA,0.574514757829855,0,0,0.432040506049263,0.0857006175932299,NA,0.303018505471889,NA,NA,0.14733214557770943,0,0.0900422965329195,NA,NA,0.024553101012251173,NA,NA,NA,0,NA,NA,0,0.0142789162967203,0.258354867625995,0.290258884051172,0.22261689603169377,0.0126138393539607,NA,0,NA,NA,0.423690925084862,0.07060596557215212,NA,0,NA,NA,0.199694325888616,NA,NA,NA,NA,NA,0.00131888883784679,0.117726594510695,NA,0.1457117215815771,NA,NA,0,0.19641321092046402,0.0831945260599926,0.00126497479846664,0.0458938750154999,NA,NA,NA,NA,0.2139282447357995,0,NA,0.183094427319673,NA,NA,NA,NA,0,0.14753051014875249,NA,NA,NA,NA,NA,0.38071845976035545,0.17143721635965,NA,NA,NA,NA,NA,0.262006306419079,NA,NA,NA,0.19104743244947342,0.03340884239729035,0,0,0,0,0,0.24223351030676868,NA,NA,NA,NA,NA,NA,0,0.04301554805990725,NA,0,NA,NA,0,0.599218774622502,NA,0.138337602384144,0.29157594161381,NA,0,0,0.10426784902630266,0.16123418598026074,0.0786121927316981,NA,NA,NA,NA,0.0524642411129957,0.33390186961105467,NA,NA,NA,NA,NA,0.31766085268407,NA,0.19302005243649933,0.10159668084075804,NA,0.1215801071313145,0,0.09255845323468673,0,NA,NA,NA,NA,NA,0.202654210534503,0.0573596724682911,0.0398403245839892,NA,0.20375657407835,0,0.207311898586298,NA,NA,NA,NA,NA,NA,NA,NA,NA,NA,NA,NA,0.0891875619093371,NA,NA,0,NA,NA,0,0.244280793727638,NA,NA,0,0.164199028093105,NA,0.0345834120758499,NA,0,0.100482114019896,0,0.00485760542682272,0.324730830398531,NA,NA,NA,0.151363393115199,0,0,NA,NA,0.331052070851559,NA,0.108844724652812,0.0282221784110884,NA,NA,NA,NA,NA,0,0,NA,0.20271455549584133,0,0.110902469640535,0.0685039755100445,0.0332625073141637,NA,0,0,0,0,0,0,0,0,0,NA,NA,NA,0,0.16667800085390985,0,0.1369648836928371,NA,NA,0.1392847742560105,0.30730438645639946,NA,0.125822665903438,0,NA,NA,0.541795513725208,NA,0.0967511044133332,0.205126909809138,NA,NA,0.670553482712618,0.1286102390013105,NA,0,0.395464019560545,NA,NA,NA,0.123407268358995,NA,0.119295088524484,NA,0,NA,0.475465421632827,NA,NA,NA,0,NA,0.203065495592192,NA,NA,0,0.0345735123956029,NA,0,0,0.001263360591744305,0.332441528270511,0,0,NA,NA,0.0864535430052738,0.114688233184638,0.1810832964719465,0,NA,NA,NA,0,0.0979432571490928,NA,0.113098921791078,0.23075965993510447,NA,0.10124676913652579,NA,0.3215704294761075,NA,NA,NA,0,0,NA,0.145769105643118,NA,NA,NA,0.387304469270344,0.309364420568376,0.0925553274296079,DFC_Ex2
0.231123208790582,0.03368620236095905,NA,0,NA,NA,0,0.0399263525338262,0,NA,NA,0,0,NA,NA,NA,NA,NA,NA,0,0,NA,NA,NA,NA,NA,NA,NA,0,NA,NA,NA,NA,0,NA,NA,NA,NA,NA,0.06581870584461726,0,0,6.35032174450475e-4,NA,0,0.0919385931713297,0,0,NA,NA,NA,0.126740126352101,NA,NA,NA,0,0.295351069054464,NA,0.0175784246178719,NA,0.251192220122484,NA,0,0,NA,NA,0.1440785749204036,0,NA,0.15587993532971484,0.399498574943202,NA,NA,NA,NA,NA,NA,0,NA,NA,0.31969129987174,NA,0.0425544454235202,0.331332904626325,0.52222085804482,NA,0.192142733890361,0.07268873895588432,0.06275523427795433,NA,NA,0,0.321243891047379,NA,0,NA,NA,0,NA,0,NA,NA,NA,0,NA,0.339405179485893,0.4825043872057645,NA,0.304485749985846,0.1748633368734835,0,NA,0.18174975835011606,NA,0,NA,NA,0.337052222563306,NA,0.157530558132538,0.149846748224451,0,0.0712413521305015,0,NA,NA,NA,0.53580846311306,0,0.0801704419977519,NA,0,NA,NA,0,0.250550787327611,0,0,0.308631939586275,NA,0.035214290102196434,NA,0.340808443687296,NA,0.25517930102651165,0.13039500939112414,0.07477367259098885,0.03324769240361115,0.5201010448192724,0.165234520826925,0.204404979285158,NA,0.155551831464503,NA,NA,NA,NA,NA,NA,NA,NA,NA,0.118877423387799,0.651478464823905,NA,0.09409793465763547,NA,NA,0.275506046287272,0,0.385967985146977,NA,NA,0.2265035494473075,0.056550027289868,NA,NA,NA,NA,NA,0,NA,0.0645837747827982,0,NA,0.3832092264395655,0.05641903699464515,0.06564571441736332,0.122007377863878,0.0180252438818166,0.149983063874158,0.09461711259331851,NA,0.091609817939974,0,0,0,NA,0,NA,NA,0,0,0.176164036481001,0,0.0107589024402556,NA,0,NA,NA,0.16713025486083735,0,0.355926734638688,NA,NA,0.35376445540754803,NA,NA,NA,0.344030618715866,NA,NA,0,0.3913504233776095,0.0247662008640775,0,0.2420278250222265,0.471935736606497,NA,0.19996568553056,NA,NA,0.284101578520935,0.07790120394499725,NA,0.242631638457241,NA,NA,0,NA,NA,NA,NA,NA,0.114423330722951,0.21682174111668,NA,0,NA,NA,0.11642265403313559,0.08297246341028555,0.144663636378569,0,0.08293428515986007,NA,NA,NA,NA,0,0,NA,0,NA,NA,NA,NA,0,0,NA,NA,NA,NA,NA,0,0.103886333249671,NA,NA,NA,NA,NA,0,NA,NA,NA,0,0.186787960041324,0.335105143538424,0,0,0.187077516074152,0,0.100983205892364,NA,NA,NA,NA,NA,NA,0.387447276597977,0.10943450713507442,NA,0,NA,NA,0.101242775724708,0,NA,0,0.0594758183488551,NA,0,0.203151977358423,0.09542937935646867,0.12792503836655866,0.224773377323166,NA,NA,NA,NA,0,0,NA,NA,NA,NA,NA,0.423073397046467,NA,0.09233428286707733,0,NA,0.0965007740807575,0,0.06452633750072112,0.437351927259195,NA,NA,NA,NA,NA,0,0.266170452060145,0.246064799435062,NA,0,0,0,NA,NA,NA,NA,NA,NA,NA,NA,NA,NA,NA,NA,0.309344692920722,NA,NA,0.2227355701977905,NA,NA,0.157797094101963,0.156926395273019,NA,NA,0.153689204589813,0.195466457503781,NA,0.0940573182464005,NA,0.04115805237660305,0,0.357171149497079,0.343424867412787,0,NA,NA,NA,0.212352862825955,0.0667927374207873,0,NA,NA,0,NA,0,0.106354636476988,NA,NA,NA,NA,NA,0.388546705608311,0.251165247244727,NA,0.0647070534779205,0.370261976904595,0.377783408112396,0.0560507824646475,0.170562687876094,NA,0.3068545100550702,0.0736063542209085,0.127267074976133,0.04841062847252315,0.300646740247574,0.3696487722426775,0,0.3653784046160965,0,NA,NA,NA,0,0.1909082346914165,0.2906916598981335,0.1228859788942612,NA,NA,0.08931127398061325,0.140185325285269,NA,0.272548314815729,0.294326404312132,NA,NA,0,NA,0.237940721829386,0.149340941806672,NA,NA,0,0.1681986050916705,NA,0.36783907646099145,0.239142685838049,NA,NA,NA,0.112900807840406,NA,0.181591494951937,NA,0.0955334366537785,NA,0,NA,NA,NA,0.190845512957636,NA,0,NA,NA,0.1503381139975523,0.10293303252260473,NA,0.0780192201209171,0.117501068386698,0.052820490766994146,0.100133385654394,0.23821237201472031,0.477952810575882,NA,NA,0,0.229987224908035,0.1974545948734545,0.0514994480776775,NA,NA,NA,0.14549781116532123,0.21340151873326146,NA,0,0.13441456347527725,NA,0.1455193603800206,NA,0.01261552733144,NA,NA,NA,0,0,NA,0,NA,NA,NA,0,0,0.167823530034826,DFC_Ex3
0.0543162386634106,0.07971060523444665,NA,0,NA,NA,0.347835136672038,0.230185105411941,0.47617452546740446,NA,NA,0.149701363746944,0.463439282040836,NA,NA,NA,NA,NA,NA,0.12557678905986233,0.563755272454679,NA,NA,NA,NA,NA,NA,NA,0.04405601670814766,NA,NA,NA,NA,0.529391241814887,NA,NA,NA,NA,NA,0.11574416512893433,0,0,0.01637207880858085,NA,0,0.399683111662672,0.16740216097504,0,NA,NA,NA,0,NA,NA,NA,0,0,NA,0.0501614803319551,NA,0,NA,0,0.357718985438362,NA,NA,0.11414314981476799,0.0226696951481917,NA,0,0,NA,NA,NA,NA,NA,NA,0,NA,NA,0,NA,0,0.0484424363152267,0,NA,0.0762637706879335,0.21895018621749843,0.20473649584286682,NA,NA,0.2413465725121285,0.218752298424775,NA,0.351829278293889,NA,NA,0.1262645276016413,NA,0.0419274382014274,NA,NA,NA,0,NA,0,0,NA,0,0,0,NA,0.2469961115296662,NA,0,NA,NA,0,NA,0,0,0,0,0,NA,NA,NA,0.159017919511871,0,0,NA,0,NA,NA,0.0562245538722566,0,0.309852554972085,0,0.138819362142022,NA,0.0019808503275790235,NA,0,NA,0.00301200965410333,0.151821025307198,0,0,0.052678886423053,0.03345205358036232,0.097136004269864,NA,0,NA,NA,NA,NA,NA,NA,NA,NA,NA,0.1967987005309465,0,NA,0.243978377440377,NA,NA,0.194000516393939,0.102890505081693,0.23562739967357899,NA,NA,0,0,NA,NA,NA,NA,NA,0,NA,0,0,NA,0.22056075787490548,0.15884625546731915,0.03506232868913735,0,0,0,0.08871955357080485,NA,0.1049613511577645,0.482982617264535,0.0375098531369472,0.09455838322469955,NA,0,NA,NA,0.283512027805051,0,0.51220042242069,0.273606384364458,0.157343339706453,NA,0.21991907619466,NA,NA,0.08318388106757339,0,0.0280432470732238,NA,NA,0.21662486157447625,NA,NA,NA,0.0321748981372238,NA,NA,0,0.04562152339719814,0.060762969574642,0.0847064012983102,0.02743875068500345,0.189783569963279,NA,0,NA,NA,0,0,NA,0,NA,NA,0.14064940429234,NA,NA,NA,NA,NA,0.393575992691592,0.0177214298485455,NA,0.19348429061313702,NA,NA,0.05021844697553675,0.3215728825509579,0.184482654185256,0.515890864086819,0.16491040364197368,NA,NA,NA,NA,0.39210841858982703,0.04670439628709255,NA,0.1449976643435715,NA,NA,NA,NA,0.0659368252127667,0.402406462422695,NA,NA,NA,NA,NA,0.270199879750853,0.455968940755161,NA,NA,NA,NA,NA,0.148064733545324,NA,NA,NA,0.15232773151770287,0.101482379357842,0.160979829733515,0.32205870640219747,0,0,0,0.134292161524894,NA,NA,NA,NA,NA,NA,0,0.07938961290263599,NA,0,NA,NA,0,0.0831246456008957,NA,0,0.165502362456088,NA,0,0,0.20163785159667366,0,0.476043593458604,NA,NA,NA,NA,0,0.31801514045117035,NA,NA,NA,NA,NA,0,NA,0,0,NA,0,0,0.12057169538645951,0.341310380255322,NA,NA,NA,NA,NA,0.124343317409369,0.13880199515383,0.290369679263762,NA,0.0261547166963016,0.371414296464851,0.361672966153589,NA,NA,NA,NA,NA,NA,NA,NA,NA,NA,NA,NA,0,NA,NA,0,NA,NA,0.404477713880494,0.246225649223439,NA,NA,0,0.094451148057719,NA,0,NA,0,0,0.122939413053202,0.0572466793730623,0,NA,NA,NA,0.18405922429995,0,0,NA,NA,0.00630443399968378,NA,0,0,NA,NA,NA,NA,NA,0.0970819604001768,0,NA,0.12117757059738118,0.0244785839081648,0,0,0.063261600798288,NA,0.00818189822121542,0,0,0.01975810356630925,0,0.11197925874885704,0,0.13041733321149002,0.211352945994032,NA,NA,NA,0.2747435485047345,0.376896023460568,0.16695365550535018,0.1411368023808711,NA,NA,0.1286374929279766,0.1205958479633393,NA,0.0306203868888005,0.16688912713465,NA,NA,0,NA,0.294935807624134,0.334652112755016,NA,NA,0,0,NA,0,0,NA,NA,NA,0.364561554134653,NA,0,NA,0,NA,0,NA,NA,NA,0.279515524992298,NA,0.103655014430321,NA,NA,0.1305592463960012,0.033105583430585554,NA,0.0271505940665555,0.0483279176612294,0.04871314572951005,0.0951981111157551,0.228063848698083,0.317146488874947,NA,NA,0.172729272251874,0.0527214886280657,0.0367104516647079,0,NA,NA,NA,0,0.0886750345518467,NA,0,0.020612986623732274,NA,0.02482543711535588,NA,0,NA,NA,NA,0.23494287405742798,0,NA,0.251410120715595,NA,NA,NA,0.314221619872351,0.204044829181876,0.118364058711115,DFC_Ex4
0,0.0056311201532242,NA,0,NA,NA,0.109343051505058,0.0867844834000225,0.01854547187182485,NA,NA,0.119048143085593,0.044439177994035003,NA,NA,NA,NA,NA,NA,0.09432046256811707,0,NA,NA,NA,NA,NA,NA,NA,0.3430237013438057,NA,NA,NA,NA,0.12437148378306254,NA,NA,NA,NA,NA,0.15516308614192653,0,0,0.196532075496411,NA,0.0628152341785019,0,0.355125621884089,0.287783996970149,NA,NA,NA,0,NA,NA,NA,0,0,NA,0.105678120981115,NA,0.135167852563308,NA,0.224355325567424,0,NA,NA,0,0,NA,0.1449647391733514,0.11080172445191,NA,NA,NA,NA,NA,NA,0,NA,NA,0.266568830509646,NA,0.184565053619286,0.253797885359227,0.111077246165996,NA,0.01261556047962155,0.0648297589389615,0.04195380075556123,NA,NA,0.0360151792492843,0,NA,0,NA,NA,0.0064748984085573,NA,0,NA,NA,NA,0,NA,0.126464912446079,0.215007232119647,NA,0,0.31576525134362,0,NA,0.11521209649004399,NA,0,NA,NA,0.0959188601628479,NA,0,0,0.145431178869297,0.061376005835404,0.207070134886128,NA,NA,NA,0,0,0,NA,0.302867140185275,NA,NA,0.340614063690922,0.284929015744537,0,0.547712773663931,0,NA,0.15453746742477467,NA,0,NA,0.09261483085031733,0.1024442556566835,0.07846913182859568,0.01933061210422325,0,0.26885894579895797,0,NA,0.204750291079231,NA,NA,NA,NA,NA,NA,NA,NA,NA,0.4729818525877445,0,NA,0.14363442822915912,NA,NA,0,0.187704632551962,0.0935876840363225,NA,NA,0.0855234452759765,0.188162803319961,NA,NA,NA,NA,NA,0.390356485735639,NA,0.290694586346037,0.0115857492715608,NA,0.07494026736674925,0.19071868641260828,0.145697956444013,0,0.0194576253781454,0,0.12655227003129224,NA,0,0.1644549000644695,0.203931936361893,0.0596398531334272,NA,0,NA,NA,0.126006585789745,0,0,0.0908448502497233,0.450649423408501,NA,0.0299884404965243,NA,NA,0.11594987067036333,0.512515488862835,0,NA,NA,0.03590181691775113,NA,NA,NA,0.293816723204014,NA,NA,0.172405192433705,0,0.02001678151567495,0,0.22670271498227,0,NA,0,NA,NA,0.0184089076759565,0.05873199740545702,NA,0.227745518263691,NA,NA,0.210359789340278,NA,NA,NA,NA,NA,0.135502441683565,0.348611698120311,NA,0.1746240190185988,NA,NA,0.1186648970279245,0.05527477648546768,0,0.336565742515707,0,NA,NA,NA,NA,0.1227961341194415,0.1791622917939075,NA,0.05374725466402308,NA,NA,NA,NA,0.119430257031648,0,NA,NA,NA,NA,NA,0.1844793236552615,0.0136860418174733,NA,NA,NA,NA,NA,0,NA,NA,NA,0.24945654085381158,0.177593346255846,0.255434474844216,0,0,0,0,0.13928567344334541,NA,NA,NA,NA,NA,NA,0.178871982070997,0.018161788529531,NA,0.2555167922392305,NA,NA,0.0560615967924817,0,NA,0,0,NA,0.127387173364978,0.21485115922854614,0.01607062450586988,0.222562599388931,0,NA,NA,NA,NA,0.249608830123337,0.13317762615765333,NA,NA,NA,NA,NA,0,NA,0.22348525596048216,0.115348121366607,NA,0.06484809246425,0,0.02225859035298895,0.169860375787711,NA,NA,NA,NA,NA,0,0,0,NA,0,0,0.0810419677075593,NA,NA,NA,NA,NA,NA,NA,NA,NA,NA,NA,NA,0,NA,NA,0.146176850996831,NA,NA,0.0887869579688357,0.0887885709644053,NA,NA,0,0.141865216722356,NA,0.190606325613978,NA,0.1261980485553616,0,0,0.210655041288104,0,NA,NA,NA,0,0.18568432118149,0,NA,NA,0.332685325747751,NA,0.290451275868198,0.297527694835961,NA,NA,NA,NA,NA,0.0317803271900582,0.186230355761696,NA,0.08744415447813103,0.09113094630075019,0,0.110648592132846,0.3316419353080475,NA,0.035131293477793,0.0214395803571424,0,0.229457714382534,0,0,0.118110466445216,0.161528577700244,0.212441374877153,NA,NA,NA,0,0.10144469108660754,0.01705704260470615,0.1185832240254996,NA,NA,0.12776449115797775,0.244525595553052,NA,0,0.276153325225924,NA,NA,0.548524219992657,NA,0,0.297242268539402,NA,NA,0.285571269312493,0.280723978322712,NA,0.0781301131688065,0.025123339215309,NA,NA,NA,0.208003411510905,NA,0,NA,0,NA,0.0511649126556105,NA,NA,NA,0.430283063508619,NA,0.260618836217689,NA,NA,0.1463952963132086,0.005754031929868212,NA,0.307868680575831,0,0.058401920367580296,0.275148168632292,0.061909949926236,0.125886420938277,NA,NA,0.175532639306044,0.058246338208271,0.1111019066502745,0.161822093930556,NA,NA,NA,0.0261443211574235,0.01854146826997345,NA,0.566279340639916,0.0615232728220714,NA,0.055239778971129604,NA,0.37938322689333,NA,NA,NA,0.3212363595378275,0.097073561263355,NA,0.364282142223775,NA,NA,NA,0.154899367529112,0.183109868601365,0.283310137590772,DFC_Ex5
0,0.055086636529195,NA,0,NA,NA,0,0.0378139060208656,0.0265596358179444,NA,NA,0,0.09522313135890015,NA,NA,NA,NA,NA,NA,0.485628898853323,0,NA,NA,NA,NA,NA,NA,NA,0.051857569743686334,NA,NA,NA,NA,0.2926837916010945,NA,NA,NA,NA,NA,0.05066148727840447,0,0.260990694505711,0.0498222678027154,NA,0,0,0,0.105180512024496,NA,NA,NA,0.00735826539714461,NA,NA,NA,0.17576199992273,0.0320564184444179,NA,0,NA,0.0916209604509986,NA,0.057044494091687,0,NA,NA,0.01683585869146008,0,NA,0.06683302929665862,0,NA,NA,NA,NA,NA,NA,0,NA,NA,0.091697732210366,NA,0.16903068139757044,0.207887735348157,0.0165522451823731,NA,0.0087611640701044,0,0.004017270431212933,NA,NA,0,0.0483460107548118,NA,0,NA,NA,0,NA,0,NA,NA,NA,0,NA,0,0.0354958582730625,NA,0,0.0674372682034706,2.87254090658846,NA,0.03063961520746954,NA,0,NA,NA,0.231242258369518,NA,0,0.04131328866870925,0.0289218817920742,0.143312861417308,0.0935100405851984,NA,NA,NA,0,0.244603526027596,0.382994346442522,NA,0.0754679610999473,NA,NA,0.164003215708695,0,0,0.422611683583357,0.0955320693888803,NA,0.077512033855718,NA,0.184785154200062,NA,0.0778364465772327,0.0024269385331805,0.18565910481993306,0,0,0.0324749448929222,0,NA,0.285775576879745,NA,NA,NA,NA,NA,NA,NA,NA,NA,0.0552676862967225,0,NA,0.037185455056152665,NA,NA,0,0.0282251646379491,0.03675370057211815,NA,NA,0,0,NA,NA,NA,NA,NA,0.019725674215013,NA,0.443597304155479,0,NA,0.0212120611089699,0.07356038191197331,0,0,0,0,0.01866228052306545,NA,0,0,0,0,NA,0,NA,NA,0,0,0,0,0,NA,0.190645314216407,NA,NA,0.037172215038986996,0.279247528374813,0,NA,NA,0.020681842574960425,NA,NA,NA,0.0802064351948159,NA,NA,0.093652237716388,0.020328120646067285,0,0,0.03620826159396775,0.0110641120453274,NA,0,NA,NA,0,0,NA,0.229667769386333,NA,NA,0.0947439548738569,NA,NA,NA,NA,NA,0.0726687272304025,0.209193750130443,NA,0,NA,NA,0.076966446995787,0.03680527692190852,0,0.0691292806481372,0.060506122957426,NA,NA,NA,NA,0.108526616502548,0.3125910005016605,NA,0.0197030985908707,NA,NA,NA,NA,0.0786693666634938,0,NA,NA,NA,NA,NA,0.3221215969774205,0,NA,NA,NA,NA,NA,0,NA,NA,NA,0.070087339319969,0,0,0.0189729337739943,0.221732228816978,0.0320835330975071,0.0739996683311211,0.023242257344600434,NA,NA,NA,NA,NA,NA,0.117621737513203,0.022622577399772824,NA,0.16343365949623467,NA,NA,0.0478478152604261,0,NA,0.174661655942045,0,NA,0,0.16204712270126664,0.03338360369081827,0.022246576973889532,0.047376130463663,NA,NA,NA,NA,0.268314266499837,0.03942418266411567,NA,NA,NA,NA,NA,0,NA,0.049272807540864334,0.0680825009460913,NA,0.1019915298742772,0.202939504677225,0.01421181915149225,0,NA,NA,NA,NA,NA,0,0,0,NA,0,0,0.0214730686926654,NA,NA,NA,NA,NA,NA,NA,NA,NA,NA,NA,NA,0,NA,NA,0.11782492119646346,NA,NA,0,0,NA,NA,0,0,NA,0.2223893349622835,NA,0.08611193325426131,0,0.0563714118944485,0.0596681196611276,0,NA,NA,NA,0,0.203432816263663,0.44788502215686,NA,NA,0,NA,0.0900901056352695,0.22860295699718,NA,NA,NA,NA,NA,0.0672952342871686,0.100747024125557,NA,0.017376492976412684,0.08444007024855921,0.0779331161593078,0,0.11817689139212549,NA,0.136265650435518,0.0248959161395229,0.215472541946735,0.1813845855979185,0.0522263731315526,0,0.033837988768849,0.11250756659408975,0,NA,NA,NA,0,0,0.03554978830085155,0.00574144424412878,NA,NA,0,0,NA,0,0.140735912801428,NA,NA,0,NA,0,0.00354136794845237,NA,NA,0,0.0479480273473942,NA,0.13371065836832985,0,NA,NA,NA,0,NA,0.034434796349404,NA,0.1521912236216125,NA,0,NA,NA,NA,0,NA,0.144269023168462,NA,NA,0.06701439423463372,0,NA,0.087626452626770407,0.0278714506562309,0.03435965348536775,0,0.028111124789299852,0.0290371798780703,NA,NA,0,0.0129888938030781,0.03365885570275465,0,NA,NA,NA,0.423484329470949,0.04613234698794345,NA,0.283088399059989,0.0296864921526988,NA,0.0280488383557242,NA,0.01764916128958495,NA,NA,NA,0.1560428622285809,0.7687554300313411,NA,0.119930324447245,NA,NA,NA,0.0812855832739095,0,0.0172996781686381,DFC_Ex6
0,0,NA,0,NA,NA,0,0.0634899828009512,0,NA,NA,0,0,NA,NA,NA,NA,NA,NA,0,0,NA,NA,NA,NA,NA,NA,NA,0,NA,NA,NA,NA,0,NA,NA,NA,NA,NA,0.05296684731431875,0,0,0,NA,0,0.0731224839463015,0.00532701954620639,0,NA,NA,NA,0.0570147668788683,NA,NA,NA,0,0,NA,0.0225495726841321,NA,0.0857435884308297,NA,0,0,NA,NA,0.031768004566392775,0,NA,0.05237396358363748,0.0111408867206523,NA,NA,NA,NA,NA,NA,0,NA,NA,0,NA,0,0.152451102679948,0.0329781888963176,NA,0.03208430656350625,0.05028454054501025,0.03526802345702333,NA,NA,0,0.133159481071116,NA,0,NA,NA,0,NA,0,NA,NA,NA,0,NA,0.0220976413290586,0.1121529850069398,NA,0.0902242460749634,0.03933383894787735,0.162102021234978,NA,0.06939716256171057,NA,0,NA,NA,0.271326561249111,NA,0.1326985239717977,0.132909681681002,0.140711404505039,0.393862491274234,0.167760118179813,NA,NA,NA,0.0101681677659005,0,0.120012187235353,NA,0,NA,NA,0.097464794170075,0,0,0,0.181688629911433,NA,0,NA,0.0949969214146536,NA,0.097781834133031,0.038681280644598,0.002764107591771817,0.0235405120033289,0.369349676298331,0.142798210881836,0.11211867906750035,NA,0,NA,NA,NA,NA,NA,NA,NA,NA,NA,0.0502407182248565,0,NA,0.0012288306846374934,NA,NA,0.0786227287801819,0.0206138797251044,0.217276481297431,NA,NA,0.0806757657649515,0,NA,NA,NA,NA,NA,0,NA,0.236033443727498,0,NA,0.151133758057,0.12171307690602669,0.0477546978263369,0.0121238353486322,0,0,0.007274749370908365,NA,0.00977076863042055,0.11907887556451,0,0,NA,0,NA,NA,0,0,0.0916963420167475,0,0,NA,0.0818343203456747,NA,NA,0.03257426499413467,0.081967237655075,0.0942237205119803,NA,NA,0.11890995076773288,NA,NA,NA,0.21644143867259,NA,NA,0,0.131886434842455,0,0,0.01950439994355874,0.115207700286127,NA,0,NA,NA,0.0375205625023539,0,NA,0.100869311741872,NA,NA,0,NA,NA,NA,NA,NA,0.0367359310360709,0.034701099467439,NA,0.018528535839566186,NA,NA,0.0635190704689684,0.0534789676638256,0,0.0426507635033165,0,NA,NA,NA,NA,0.01343392203562255,0,NA,0,NA,NA,NA,NA,0,0,NA,NA,NA,NA,NA,0,0,NA,NA,NA,NA,NA,0,NA,NA,NA,0.0504606497641508,0.07134901660026395,0.079137530670559,0.0705584360265485,0,0.413711958054594,0.00898867757077297,0.0672666487298988,NA,NA,NA,NA,NA,NA,0.137450733096978,0.05056122848346495,NA,0,NA,NA,0,0.04461867424791755,NA,0,0.00887078467658286,NA,0,0.0834893576986402,0.03326015173161753,0.09146922423853167,0.0459883190305728,NA,NA,NA,NA,0,0.020116694853166334,NA,NA,NA,NA,NA,0.0871966560784551,NA,0.013560496921955165,0,NA,0.07667634027773901,0,0.023350011512501514,0.0328162949424961,NA,NA,NA,NA,NA,0,0.0290991847620877,0.0561236745357744,NA,0,0,0.0684182948655124,NA,NA,NA,NA,NA,NA,NA,NA,NA,NA,NA,NA,0.03344690868042433,NA,NA,0.08458528970999055,NA,NA,0.0776519172092855,0.0958964442469375,NA,NA,0.0115629252337326,0.10101097107090351,NA,0.15015842479704256,NA,0.287335844613471,0.242000135468391,0.236803249178097,0.156076863501077,0.0104260192840323,NA,NA,NA,0.00127516309986202,0.00414799426530882,0,NA,NA,0.0554306082779438,NA,0,0.189526894678311,NA,NA,NA,NA,NA,0.169159551938548,0.044943802814974,NA,0.0031942163059876,0.03038839484934925,0.0278007144149063,0,0.1002278636899035,NA,0.1226544558144191,0.031972863053881376,0.399335209364773,0.17002508579338999,0.23616263100556,0.08484963923724995,0,0.240690746543556,0,NA,NA,NA,0,0.056914266987073296,0.193731668809606,0.021659812350357917,NA,NA,0.02764350838458575,0.0903999976112476,NA,0,0.263897418420348,NA,NA,0,NA,0.152806372394098,0.0149391769595691,NA,NA,0,0.06192018361920817,NA,0.2531656388029715,0.0319547303847504,NA,NA,NA,0.0163604116277742,NA,0.0526189896822688,NA,0.0853236364842355,NA,0,NA,NA,NA,0,NA,0,NA,NA,0.08962019295855872,0.05618112556998109,NA,0.185263037356287,0.0083820709282819,0.08546259443273002,0.0251303268760388,0.3385631389919595,0.126448074794372,NA,NA,0,0,0.0602027648902864,0,NA,NA,NA,0,0,NA,0.0925338677532428,0.09323411740148406,NA,0.0352355258141933,NA,0,NA,NA,NA,0.04068323239481615,0,NA,0.0424971163007873,NA,NA,NA,0,0,0,DFC_Ex8
0.16575172717468,0.05431043621392815,NA,0,NA,NA,0,0,0,NA,NA,0,0,NA,NA,NA,NA,NA,NA,0,0,NA,NA,NA,NA,NA,NA,NA,0.009165668062295233,NA,NA,NA,NA,0,NA,NA,NA,NA,NA,0.05895010149471025,0,0,0.03306786837215061,NA,0,0.0245139378723189,0.0565893804749196,0,NA,NA,NA,0.0656319717503381,NA,NA,NA,0,0.141907186340815,NA,0.0277125525275044,NA,0.0131495465152673,NA,0,0,NA,NA,0.0029905755696202603,0,NA,0,0,NA,NA,NA,NA,NA,NA,0,NA,NA,0,NA,0,0,0,NA,0.04277418668604065,0.0097302826205218,0.017738925527994664,NA,NA,0,0,NA,0,NA,NA,0.004072537750795534,NA,0.0609455006636322,NA,NA,NA,0.0864010161885774,NA,0.0942041490831224,0.0261638464381613,NA,0.0133810253937761,0.004752005399451,0.0410009660453135,NA,0.0028273046780957,NA,0.037008645176095,NA,NA,0.0140100731668775,NA,0.1473381358434061,0.143203455621854,0.0406069200140799,0,0.0188277967568819,NA,NA,NA,0.0914007910612704,0.148019913302279,0.153095252878643,NA,0,NA,NA,0,0,0,0,0.0389351536665758,NA,0.060004864285602595,NA,0.107390244874924,NA,0.07890620350259742,0.09549776988066294,0.0240599926542847,0.15634255171064299,0.1116311296815255,0.1256607101114098,0.06858673322259046,NA,0.0788747678426319,NA,NA,NA,NA,NA,NA,NA,NA,NA,0.01705311729650965,0.0821280294396058,NA,0.013828629408402274,NA,NA,0.0356249502597878,0.0851469758983401,0,NA,NA,0.0989360848130389,0,NA,NA,NA,NA,NA,0,NA,0,0.0811103514636252,NA,0.064930296461386,0.04069914432820067,0.07698496979864256,0.131120919107124,0.06534390273384295,0.13040620973251765,0.06409695058518347,NA,0.143612054816638,0,0,0,NA,0.0761457479848962,NA,NA,0,0.0403610677065006,0,0,0,NA,0.0569214952258907,NA,NA,0.08640925812581243,0.00914579956485479,0.123450680084749,NA,NA,0.0215195766969299,NA,NA,NA,0,NA,NA,0,0.11524705832089005,0,0.0263449816300878,0.033326832996518,0.024428083383907,NA,0.26021734399733,NA,NA,0.0554292486880814,0.0405106248430339,NA,0,NA,NA,0,NA,NA,NA,NA,NA,0,0,NA,0.00127911410466333,NA,NA,0.101605997388634,0.036164562849816,0,0,0.01811560245305933,NA,NA,NA,NA,0,0,NA,0,NA,NA,NA,NA,0,0,NA,NA,NA,NA,NA,0,0,NA,NA,NA,NA,NA,0,NA,NA,NA,0.020662941948916318,0.072175586425651,0,0.113422669375833,0,0.157189463432267,0.125033798373622,0,NA,NA,NA,NA,NA,NA,0.0616481174628468,0.05819366617137995,NA,0,NA,NA,0.0788714510641288,0,NA,0,0,NA,0,0,0,0,0,NA,NA,NA,NA,0,0,NA,NA,NA,NA,NA,0,NA,0.011980611828199934,0,NA,0,0,0.008651856643185464,0.0234896886920131,NA,NA,NA,NA,NA,0,0.066669100440936,0.0475027462520668,NA,0,0,0.0106086444269231,NA,NA,NA,NA,NA,NA,NA,NA,NA,NA,NA,NA,0.08565503485012733,NA,NA,0.04996654693969885,NA,NA,0,0,NA,NA,0.0802430654948653,0.0247099853397913,NA,0.01212804892915535,NA,0.04220375725538695,0.0947132476005054,0.0203191780221164,0,0.0469409204372205,NA,NA,NA,0.030572064939881,0.0349313568097971,0.250501856732548,NA,NA,0.00891572315402591,NA,0,0.0355630894335913,NA,NA,NA,NA,NA,0,0,NA,0.056164831348781336,0.12962087893602045,0.0801144029341751,0.0923422935582083,0.001360296040975795,NA,0.07325783623551727,0.0389729389641674,0.124807161909605,0.0686907894889372,0.198200269770186,0.18618481019533112,0.0477889314546234,0.0287424025185459,0,NA,NA,NA,0,0,0.1455785932675088,0.01556657410951624,NA,NA,0.051149146346404425,0.009660618121345515,NA,0.122100095347207,0,NA,NA,0,NA,0.0027544640662108,0,NA,NA,0.0684508939397956,0.0302667067065343,NA,0.0447511777582116,0.144322598027653,NA,NA,NA,0,NA,0.172672812725641,NA,0,NA,0,NA,NA,NA,0,NA,0,NA,NA,0.04504634504205041,0.16006548866366405,NA,0.0569393675555724,0.16605463580167829,0.06965410278179422,0,0.06285964004652606,0,NA,NA,0.0889011023321748,0.143002949858843,0.05095236478339535,0.12846146062035,NA,NA,NA,0.09662616719765921,0.07540642053488075,NA,0,0.07967672640988463,NA,0.02266181575450614,NA,0,NA,NA,NA,0.00406970282942867,0,NA,0,NA,NA,NA,0,0.00803243746528934,0,DFC_In1
0,0.0613583303503934,NA,0.157848086211173,NA,NA,0.0853233940297586,0,0.13086887942462666,NA,NA,0.0916633204073183,0.069536707811551,NA,NA,NA,NA,NA,NA,0.0404066689864245,0.133053111802357,NA,NA,NA,NA,NA,NA,NA,0.019148276664569565,NA,NA,NA,NA,0.07306280964231521,NA,NA,NA,NA,NA,0.0337483733786208,0,0,0.02923258860487085,NA,0,0.0453818462751413,0.00497091767319601,0,NA,NA,NA,0,NA,NA,NA,0.007960899436374,0,NA,0,NA,0,NA,0,0,NA,NA,0.06901621045902141,0.178610524071333,NA,0.01334761066551258,0.0548882867933846,NA,NA,NA,NA,NA,NA,0.12096461037442,NA,NA,0,NA,0.0051307249489791,0,0,NA,0.08008933583652185,0.0588481747743655,0.06713453171339276,NA,NA,0.022651668122923203,0,NA,0.0112953753617643,NA,NA,0.010144340730924836,NA,0.0215689976428396,NA,NA,NA,0.0468014596626547,NA,0,0,NA,0,0,1.0631985730002,NA,0.0098210708094856,NA,0.0043692820133398,NA,NA,0.0449016802986683,NA,0,0.0252455666540262,0.0186037671474929,0.00768829283919012,0,NA,NA,NA,0,0.0878287697564956,0,NA,0,NA,NA,0.0246708746690476,0,0.0274019396646618,0,0.0184207756081653,NA,0.025520921063101866,NA,0.0522757785666683,NA,0.006328073434796866,0.0111193602660449,0.11149858125312805,0.0379710772364255,0.01624337018319535,0.012521271803622818,0.076843127489447,NA,0,NA,NA,NA,NA,NA,NA,NA,NA,NA,0,0.0161090400124267,NA,0.06463225333599276,NA,NA,0.0594252961665841,0,0.0131570412306145,NA,NA,0,0.0395429615477818,NA,NA,NA,NA,NA,0.0265081649792739,NA,0.0331551649296241,0,NA,0.0305719914509614,0.028886619420294902,0.05166183576664108,0.0975483417222603,0.014472026925183,0.04213086404775895,0.011028703419158422,NA,0,0.03471287832972225,0.0187501151713715,0.05340237021057155,NA,0.122148560664742,NA,NA,0.0624165629683002,0,0.0788868019406845,0.0431633290815595,0,NA,0,NA,NA,0.005973295178272733,0,0,NA,NA,0.029637011671378045,NA,NA,NA,0,NA,NA,0,0,0.00882188664386895,0.00385020383988996,0,0.0121869224741187,NA,0,NA,NA,0,0,NA,0,NA,NA,0.0117138143347362,NA,NA,NA,NA,NA,0.0333760986638797,0.0575668452888387,NA,0.1379434774564465,NA,NA,0.0366744769660763,0.0435019694900453,0,0,0.04533260452861627,NA,NA,NA,NA,0.052280861106815055,0.0662976416311,NA,0.0981580326637909,NA,NA,NA,NA,0,0.2170000249174885,NA,NA,NA,NA,NA,0.09371317635243745,0.0362828667054291,NA,NA,NA,NA,NA,0.0355218334572468,NA,NA,NA,0.032397608079069454,0,0.0729720179772486,0,0.0309004080066282,0,0.0522255816584384,0.011462792032976931,NA,NA,NA,NA,NA,NA,0,0.0019323189710846226,NA,0,NA,NA,0.118158307209824,0,NA,0,0.0960665113666946,NA,0,0.066232945915334,0.036432467749217136,0.009090615213268167,0.0521601971704648,NA,NA,NA,NA,0,0.02637815371897165,NA,NA,NA,NA,NA,0.104867119935043,NA,0,0,NA,1.42583631012395e-4,0,0.0514615624823884,0,NA,NA,NA,NA,NA,0,0,0.0577173039595673,NA,0.0659049234166095,0,0,NA,NA,NA,NA,NA,NA,NA,NA,NA,NA,NA,NA,0,NA,NA,0,NA,NA,0.105220930676791,0.0495863967070131,NA,NA,0,4.89632764234375e-4,NA,0,NA,0.0619864481933841,0.0432006558175645,0.00995928873307542,0,0,NA,NA,NA,0.016284468672768,0,0,NA,NA,0,NA,0,0,NA,NA,NA,NA,NA,0.00915871903675531,0.0149839345392378,NA,0.01514581424716134,0.01987814772101625,0,0.0093307137821977,0.0111085191673142,NA,0.02197362132916602,0.059078846307911,0.0280856637657367,0,0.167163974621344,0.0392198054353947,0.0747760364389133,0.0482287186909457,0.0253404882946571,NA,NA,NA,0.09833655726159396,0.01924828963472295,0,0.03490153952544156,NA,NA,0,0,NA,0,0.00257437510661233,NA,NA,0,NA,0.0866506252884133,0.0340767899576663,NA,NA,0,0,NA,0,0,NA,NA,NA,0,NA,0,NA,0,NA,0,NA,NA,NA,0.079646426230157,NA,0.0510877314702617,NA,NA,0.06511245359554016,0.0176148184445691,NA,0,0.00481098851735132,0.015752731609926324,0,0.0623736674216131,0,NA,NA,0,0,0,0,NA,NA,NA,0.10026097156455716,0.040840192358078245,NA,0.0578155955756638,0,NA,0.024925306965722725,NA,0,NA,NA,NA,0.035324742832209446,0.361423163904779,NA,0.040844632365196,NA,NA,NA,0,0,0,DFC_In3
0,0,NA,0.066654329227639,NA,NA,0.107836300266102,0,0.065889017390415,NA,NA,0.0564834313416276,0.005032653430048,NA,NA,NA,NA,NA,NA,0,0,NA,NA,NA,NA,NA,NA,NA,0,NA,NA,NA,NA,0.0543952669343912,NA,NA,NA,NA,NA,0.07860328671431474,0,0,0.045379185331425397,NA,0.0867070672610272,0.0210834288651438,0.0157294217334998,0,NA,NA,NA,0.059923733543345,NA,NA,NA,0.0379694821981396,0,NA,0.00951773317220468,NA,0,NA,0.07391022212691165,0.0641258709437556,NA,NA,0.06044369028460418,0.185894603006127,NA,0.019968232711301125,0.0576300350072351,NA,NA,NA,NA,NA,NA,0.034787606670026,NA,NA,0.0448280619251775,NA,0.02177829403083555,0.0663071623010753,0.060748138039733,NA,0.0312070417493428,0.04593245378191322,0.038500419079722764,NA,NA,0.03884247177208475,0,NA,0,NA,NA,0.04592955157336293,NA,0.102389113700176,NA,NA,NA,0.0967674954069793,NA,0,0,NA,0,0.013620084439505,0,NA,0.011664079317284963,NA,0,NA,NA,0.00546680160889196,NA,0.08587084499234304,0,0.0557094309656562,0,0,NA,NA,NA,0.00478798029776166,0.180504513259986,0,NA,0,NA,NA,0.107845267043439,0.0895472047104134,0.0846358145991814,0.0195093586654772,0,NA,0.010778982577059466,NA,0.0388298368642581,NA,0,0.029886870180040652,0.006852219634320234,0,0,0,0.0245537320095662,NA,0,NA,NA,NA,NA,NA,NA,NA,NA,NA,0.0278291471506855,0,NA,0.023867286961329035,NA,NA,0.0369932948421794,0,0.0080287382101864,NA,NA,0.01793239786368635,0.0645778958343261,NA,NA,NA,NA,NA,0.0806527652754657,NA,0.0219126033614703,0.110035210632761,NA,3.6495533667894e-4,0.007002150904598134,0.00702471615960015,0,0.08454904020894854,0.04938218094171615,0.00297108519332485,NA,0.0521814819431692,0.1891566218619035,0.0761179214430205,0.08834551791962415,NA,0.0257906386217714,NA,NA,0.022795801219144,0,0.0591895853650085,0.0321782636478076,0.100448777647251,NA,0.0200243279719163,NA,NA,0,0,0.048863378256712,NA,NA,0.025684356267700548,NA,NA,NA,0.0380318566005265,NA,NA,0,0,0.06024419596175275,0.0347369921634812,0.0281551910988926,0,NA,0,NA,NA,0,0.016428185461484852,NA,0,NA,NA,0.00636087776200144,NA,NA,NA,NA,NA,0.0551724477348794,0.0488579210947539,NA,0.0249809248329646,NA,NA,0.0050019514497571,0.0336428087962209,0.0547266329017735,0,0.05340188916386317,NA,NA,NA,NA,0.0377685731832928,0,NA,0.07208561370747166,NA,NA,NA,NA,0,0.0589528674663536,NA,NA,NA,NA,NA,0,0.0584149016949845,NA,NA,NA,NA,NA,0.0364495350229256,NA,NA,NA,0.03316817229392588,0,0.0426303992483203,0,0,0,0,0.04323447929323684,NA,NA,NA,NA,NA,NA,0,0.022610351637841124,NA,0,NA,NA,0.0486184926762767,0.0842264386301408,NA,0.0956269440711388,0,NA,0.00866793149420059,0.0155320534953784,0.02083213622954492,0.03494751759819843,0.0567838039340778,NA,NA,NA,NA,0,0.01993639504216557,NA,NA,NA,NA,NA,0.0286946879148367,NA,0.010960261869548363,0.04480274174056005,NA,0.0322913689671428,0,0.0346892942497223,0,NA,NA,NA,NA,NA,0,0.0454887579029233,0.0597592985136646,NA,0.0924333078431339,0.0294019699809523,0,NA,NA,NA,NA,NA,NA,NA,NA,NA,NA,NA,NA,0.0141448306257048,NA,NA,0,NA,NA,0.0580278699303828,0.0934372105945607,NA,NA,0,0.0115744939387062,NA,0,NA,0,0,0,0.0268847563142176,0.0513975157367583,NA,NA,NA,0.0407707392871688,0.0511678918649705,0,NA,NA,0.0145758303199225,NA,0.00235568159190811,0,NA,NA,NA,NA,NA,0,0,NA,0.02348810642518015,0.004831657447778385,0,0.0232927624677695,0,NA,0,0.0147817259704319,0,0,0,0.00711010510962975,0.0414391479603123,0,0.0402844261578201,NA,NA,NA,0,0.014851243673310716,0,0.02597400278551564,NA,NA,0.0248963351228799,0.07033978967034785,NA,0.00459257360330791,0,NA,NA,0.168816034030242,NA,0,0.064710327272227,NA,NA,0,0,NA,0,0,NA,NA,NA,0,NA,0,NA,0.0184528191999299,NA,0.0776184910589563,NA,NA,NA,0.0437230727948095,NA,0.0123444845769171,NA,NA,0.00853041729331082,0.015777522129596423,NA,0,0,0.023102734223076328,0.00206463422485576,0,0,NA,NA,0.0420141734631873,0,0,0.0358814859208968,NA,NA,NA,0.08115814650436376,0.024131153417784948,NA,0.0750008940226703,0.00938842490623273,NA,0.0364467187059632,NA,0.0461538095220447,NA,NA,NA,0.0327876933184056,0.1406301880255045,NA,0.0822034863477861,NA,NA,NA,0.0175684745605072,0.0570212467693855,0,DFC_In4
0,0.00882809800731615,NA,0,NA,NA,0,0.137956426452771,0.00402139202233898,NA,NA,0.047732092651563,0.2178567280230225,NA,NA,NA,NA,NA,NA,0.018676439244452035,0,NA,NA,NA,NA,NA,NA,NA,0.23608955929725867,NA,NA,NA,NA,0.0576391287411285,NA,NA,NA,NA,NA,0.029451391648446502,0.33499084761784,0,0.227633117488463,NA,0.0153195306728155,0.0644373651817429,0.268622094584355,0.0459226731711899,NA,NA,NA,0.269345407402556,NA,NA,NA,0,0.272545379811604,NA,0.116523243627331,NA,0.294609099793402,NA,0.1344667548111595,0.0755159790299385,NA,NA,0.13668348997447097,0,NA,0.1309578595180946,0.0190096765513587,NA,NA,NA,NA,NA,NA,0,NA,NA,0,NA,0.08199850215918295,0.0373138955396059,0.197711879761647,NA,0.0447504314459443,7.726160662409534e-4,6.055508150428166e-4,NA,NA,0.26553070712938,0,NA,0,NA,NA,0.3131706454630863,NA,0,NA,NA,NA,0.0777129354499793,NA,0.198991711049172,0.0937951347977557,NA,0.0528098371159474,0.236489113985822,0.948140830728135,NA,0.06588758419531572,NA,0.0303406154861081,NA,NA,0,NA,0.0224750901775086,0,0,0,0.00711173607571981,NA,NA,NA,0,0,0,NA,0,NA,NA,0,0.245013431281495,0.225022416140009,0.17424283680699101,0.00936283545810338,NA,0.05848621023674384,NA,0,NA,0,0,0,0,0,0.014551605854584041,0,NA,0,NA,NA,NA,NA,NA,NA,NA,NA,NA,0.0649670462834042,0.0586293461025041,NA,0.07044308902311017,NA,NA,0.0267551130783531,0.176732169596071,0.0556258983298185,NA,NA,0.1602887603279995,0.134406872356295,NA,NA,NA,NA,NA,0.115832949729264,NA,0,0.143646991210026,NA,0,0,0.01733277108933505,0,0,0.01573693695621245,0.012378972013433302,NA,0,0.3989682965141715,0.0686593529588595,0.11227012549878079,NA,0.099464332290832,NA,NA,0.209656337128706,0.0567111542982324,0,0.252242737012047,0.0323570451368169,NA,0.143598068666176,NA,NA,0.10422944972738173,0.0878601056305034,0.00144946383923568,NA,NA,0.03107728781403213,NA,NA,NA,0,NA,NA,0,0.02814228360678615,0.0589493031791975,0.113131283252643,0.061497838889078,0,NA,0,NA,NA,0.222584120396661,0.07238417621553007,NA,0.175309229082872,NA,NA,0.119502788207848,NA,NA,NA,NA,NA,0,0.0609399041331322,NA,0,NA,NA,0,0.027026383408866858,0,0.107337420945038,0,NA,NA,NA,NA,5.23010993144345e-4,0,NA,0.4079942695112345,NA,NA,NA,NA,0.221513204002866,0,NA,NA,NA,NA,NA,0.02975090122165332,0.183064172992897,NA,NA,NA,NA,NA,0.0511296795474813,NA,NA,NA,0.02064331956936418,0.141499983606524,0,0.17258637280385603,0,0,0,0.08721065426382472,NA,NA,NA,NA,NA,NA,0.0942497531759469,0.09749665403120453,NA,0.06069596523085115,NA,NA,0,0.3469489634998965,NA,0.0677004518961099,0.0463087339285974,NA,0.017882849470252,0,0.16934778127541733,0.11851758349664933,0.205962962379671,NA,NA,NA,NA,0.00384880989632705,0.223930455278745,NA,NA,NA,NA,NA,0.260097815207878,NA,0.11840122177405123,0,NA,0.1472439795376065,0,0.023366753076264048,0,NA,NA,NA,NA,NA,0.0720746889135281,0,0.00791627596486677,NA,0.0299035371468129,0,0.370366622441412,NA,NA,NA,NA,NA,NA,NA,NA,NA,NA,NA,NA,0.10148351848491467,NA,NA,0.09045797396911195,NA,NA,0,0,NA,NA,0,0.08197575219506935,NA,0.2490668470057385,NA,0,0,0,0,0.0623555568040367,NA,NA,NA,0.0263752908216528,0.0682908747201012,0,NA,NA,0.199937379733868,NA,0.0119715990352906,0.0426641580152993,NA,NA,NA,NA,NA,0,0,NA,0.046477658341179416,0,0.0421963447385944,0.0521614156342613,0,NA,0,0,0,0.004125819056104035,0,0,0,0,0,NA,NA,NA,0,0.11851014050307174,0.01348843672797005,0.04687668318047696,NA,NA,0.11060031731964397,0.1092655215215924,NA,0.0536691856222721,0.0159398335223366,NA,NA,0.145412321097124,NA,0.00707038037852846,0.0677081068413809,NA,NA,0.110404502198114,0.2198715886635465,NA,0.10738049614011716,0.224738766142804,NA,NA,NA,0.165010702563728,NA,0.140877195080544,NA,0,NA,0.122621019215612,NA,NA,NA,0,NA,0.217802394508706,NA,NA,0,0,NA,0,0,0,0.0753440588008457,0,0,NA,NA,0.176537970088865,0.10033856572241,0.07907941419274131,0.0760225426821259,NA,NA,NA,0,0.0299578173044177,NA,0.207301567288231,0.176549788468829,NA,0.0020264264264268,NA,0.16119107506437502,NA,NA,NA,0,0,NA,0.100833956470801,NA,NA,NA,0.210116799574644,0.106858357422013,0.0644580555251665,DFC_PVALB
0.0333686137191488,0.0141270024450557,NA,0,NA,NA,0,0,0,NA,NA,0,0,NA,NA,NA,NA,NA,NA,0,0,NA,NA,NA,NA,NA,NA,NA,9.090680396677e-4,NA,NA,NA,NA,0,NA,NA,NA,NA,NA,0.03511247844485002,0,0,0.02817688744262745,NA,0,0.0296032368666362,0.074280939881041,0,NA,NA,NA,0.0672247169053441,NA,NA,NA,0,0,NA,0.0735829696827062,NA,0,NA,0,0,NA,NA,0.008032548155198781,0,NA,0,0,NA,NA,NA,NA,NA,NA,0,NA,NA,0,NA,0,0,0,NA,0,0.0028361859127970838,0.00200124745801787,NA,NA,0.0174569499741728,0.0327864656397898,NA,0,NA,NA,0.015037026897397167,NA,0.0327421121503486,NA,NA,NA,0.011090467356763,NA,0.0214088442974681,0.02934937245954542,NA,0.00133308475064561,0.0527613198896581,0,NA,0.030205242304041424,NA,0,NA,NA,0.0656525327680472,NA,0.09023883761664145,0.060948963066246004,0.129225576906224,0.101018908487961,0.269362174133613,NA,NA,NA,0.0110006004190947,0.00553322844719628,0.0481417865228178,NA,0,NA,NA,0,0,0.0244644535545199,0,0.0324898655692214,NA,0.051403427402933674,NA,0.0783559091981684,NA,0.053177907141965734,0.01465873180807005,0.0775552976295806,0.02709106896424695,4.64360142468145e-4,0.05017745119979484,0,NA,0.161136434084223,NA,NA,NA,NA,NA,NA,NA,NA,NA,0.0739311272675994,0,NA,0.043530259969389,NA,NA,0,0.0378166444864536,0.011162867333059805,NA,NA,0.0169627768479472,0.0521458434985157,NA,NA,NA,NA,NA,0.0328179315356459,NA,0.0902264580378477,0,NA,0.01592846180735295,0.030369556970817734,0.06114031761201773,0,0.04654117138103108,0.028291562397096848,0.045069435214734874,NA,0.0181864090522308,0,0,0.026860512889404498,NA,0.0525106707027452,NA,NA,0,0,0.00439998537321398,0,0.0367867427079731,NA,0.0586720212172476,NA,NA,0.07125023253575766,0.0719471586354681,0.0601962572672128,NA,NA,0.00802638645625498,NA,NA,NA,0.020163020551789,NA,NA,0.0164527768242531,0.09617734583761145,0.012425433459711501,0.00226566242261998,0.023017908305495435,0.011231679838502,NA,0.130091972877516,NA,NA,0.0309660600086205,0,NA,0,NA,NA,0.0113137931473001,NA,NA,NA,NA,NA,0,0.0451824946763715,NA,0,NA,NA,0.0435349225662836,0.012996682920529518,0.0120260050375689,0.0126309463366433,0.0019836368443567234,NA,NA,NA,NA,0,0,NA,0,NA,NA,NA,NA,0.0171399114629407,0,NA,NA,NA,NA,NA,0,0,NA,NA,NA,NA,NA,0,NA,NA,NA,0.03656251210461914,0.05492450863586295,0.0648740562109407,0,0,0.0895854059784637,0,0.022351592394779136,NA,NA,NA,NA,NA,NA,0.0654136639811769,0.03261864703668368,NA,0,NA,NA,0.146007162343975,0.05289934160077401,NA,0,0,NA,0,0.00417245379684797,4.419722863190267e-4,0,0,NA,NA,NA,NA,0,0,NA,NA,NA,NA,NA,0,NA,0,0,NA,0,0,0.0037610685439980183,0.0797802620484628,NA,NA,NA,NA,NA,0,0.0163466336658271,0,NA,0,0,0,NA,NA,NA,NA,NA,NA,NA,NA,NA,NA,NA,NA,0.014846998409105867,NA,NA,0.00511314676485645,NA,NA,0,0.0467329217471182,NA,NA,0.0931427028617338,0.0831530936559233,NA,0.01219132499304979,NA,0.1633828567373645,0.025136637711794352,0.0480243409036759,0.0785966729090376,0.0838788514185814,NA,NA,NA,0.0198607241232553,0.176661424887435,0.0061583350384036,NA,NA,0.0234833188129854,NA,0,0,NA,NA,NA,NA,NA,0.0816478849838016,0.0801113848718435,NA,0.0702112103078213,0.0923039529328397,0.0924239746941614,0.05158871794493525,0.06701268535101526,NA,0.02947012474474328,0.0426898207959258,0.0778296312063258,0.1378469030181195,0,0.06253654217092909,0.172001612257977,0,0,NA,NA,NA,0,0,0.042228407247403454,0.021186499732124484,NA,NA,0.06794650420668735,0.0769241328305241,NA,0.0658930746524375,0.0198588533613545,NA,NA,0.119438296151188,NA,0,0,NA,NA,0,0.03480083805231515,NA,0.01921302936589905,0.0549854908083371,NA,NA,NA,0,NA,0.0968617684705898,NA,0.0146831641293866,NA,0.0198129040892916,NA,NA,NA,0.0330228336979557,NA,0,NA,NA,0.0194049881884403,0.04688486956058396,NA,0.120879555658104,0.03772370269898302,0.002712632887068325,0.0273491149188797,0.11000342761174725,0.0403372834586416,NA,NA,0.0249001435648685,0.0691575400256369,0.07312973039008536,0.126534450544331,NA,NA,NA,0.049890751652348006,0.0612050569794385,NA,0.0189106991160183,0.06514295268743793,NA,0.01530398873777996,NA,0.03675665743200635,NA,NA,NA,0,0,NA,0,NA,NA,NA,0,0,0.066638850027913,DFC_SST
0,0.0086300883549038,NA,0.0468066929205904,NA,NA,0,0,0.017781311038319845,NA,NA,0.0330034667217844,0.0394773431308381,NA,NA,NA,NA,NA,NA,0.10317700287272354,0.0540760467626967,NA,NA,NA,NA,NA,NA,NA,0.00671464301852047,NA,NA,NA,NA,0.0364225976945374,NA,NA,NA,NA,NA,0.019905791785736072,0.0886865406353965,0.025611384747859,0.025660785649648347,NA,0.0444530950059023,0.00354058768753995,0,0.0362684277736708,NA,NA,NA,0.0133377739728478,NA,NA,NA,0.00942289122333373,0.0311532515356291,NA,0.0391096158677149,NA,0.00195071188836669,NA,0.03609316370833805,0.00453013506042537,NA,NA,2.9415207276717998e-5,0.0141464990487056,NA,0.011754511509610908,0.0361699513299413,NA,NA,NA,NA,NA,NA,0.115753552665151,NA,NA,0,NA,0.003903202214494455,0,0,NA,0.0201842966883463,0.0023031385421621534,0,NA,NA,0,0,NA,0,NA,NA,0.010512239990413367,NA,0,NA,NA,NA,0,NA,0.00572365496176235,0,NA,0,0.00533187960400065,0,NA,0,NA,0,NA,NA,0,NA,0.003486174378308775,0.002917436061611215,0.0015345800303713001,0,0,NA,NA,NA,0.00297361406443686,0.0218222054112972,0.01444786346187,NA,0,NA,NA,0,0,0,0.00509109437549605,0,NA,0.013810662898996866,NA,0,NA,0,0.00368382831153745,0,0,0,0,0.00642188993338935,NA,0,NA,NA,NA,NA,NA,NA,NA,NA,NA,0.004135124106026125,0,NA,0.0051501192767210505,NA,NA,0.0163858046890116,0.0366617289744978,0.009114330776002846,NA,NA,0.023628664377861403,0,NA,NA,NA,NA,NA,0,NA,0,0.0170208287254745,NA,0,0.012616148557714835,9.7844920947252e-4,0,0,0,0,NA,0.0127424612828592,0,0.0177446442624202,0.010257608597672645,NA,0.00972192565881121,NA,NA,0,0.0359091407853736,0,0,0,NA,0.0446144761239746,NA,NA,0.0030017735740195135,0,0.0118285478061292,NA,NA,0.0076574539784507,NA,NA,NA,0,NA,NA,0.00178174665739807,0.00637767030744645,0.001130672886591795,0.00992138740708813,0.0168787635094828,0,NA,0,NA,NA,0.00436198591775884,0.0026460424675936,NA,0,NA,NA,0.0223087433956433,NA,NA,NA,NA,NA,0,0,NA,0.0481602937005183,NA,NA,0.011854725753877,0.001505665006197998,0.00422702740226383,0.0458624303045592,0.019081144908058286,NA,NA,NA,NA,0.028888201305132366,0.13604043799518145,NA,0.05337210097594845,NA,NA,NA,NA,0.0167180638638863,0.08351630578563315,NA,NA,NA,NA,NA,0.1093099415263622,0.0283509581104616,NA,NA,NA,NA,NA,0.0132299464622034,NA,NA,NA,0.013456273338740637,0.01032069571434026,0,0.0574492460073514,0.0300508862471139,0,0.052021561226454,0.0084653436544782,NA,NA,NA,NA,NA,NA,0,0.03295710842706742,NA,0.0208340869965043,NA,NA,0,0.01601047510639869,NA,0.0838785682273909,0,NA,0.002472628024173,0.010039686464038265,0.0048001810522291,0.008516066794791494,0,NA,NA,NA,NA,0,0.0019415313553409665,NA,NA,NA,NA,NA,0,NA,0.0059672760375691,0,NA,0.004608563050787235,0,0.009785722519652509,0,NA,NA,NA,NA,NA,0.00637322346644263,0,0.00319764399959227,NA,0.0280817377065195,0,0.00799863360736029,NA,NA,NA,NA,NA,NA,NA,NA,NA,NA,NA,NA,0.01004832670248013,NA,NA,0.0204862741326888,NA,NA,0.0311172040545649,0.00500006369241032,NA,NA,0.00265890906408744,0,NA,0.009137792968601295,NA,0,0.01119981319646453,0,0,0,NA,NA,NA,0,0.0067210708830671,0.0218270399288944,NA,NA,0.012619338862172,NA,0,0.0158873524787152,NA,NA,NA,NA,NA,0,0,NA,0.0036815553127222834,0,0,0.002477245597922125,0,NA,0,0,0,0,0.0482212199056109,0.01011087522078305,0,0,0,NA,NA,NA,0.024535831551784824,0.00637113557642095,0,0,NA,NA,0.01504541311485965,0.004554832947223595,NA,0.0230607812176067,0,NA,NA,0,NA,0.029408542128929,0,NA,NA,0.00300063755993656,0.02091581990824405,NA,0,0.0126000968776746,NA,NA,NA,0,NA,0,NA,0.0100263274301287,NA,0,NA,NA,NA,0.00388335020560004,NA,0.0328778879218504,NA,NA,0.005412454047682406,0.004233494292171186,NA,0.00591899609489405,0.01505326991186704,0.0016439031318607675,0,0,0,NA,NA,0.0482209050883243,0.043079853083776,0.0100625097621029,0,NA,NA,NA,0.00119900565082936,0.00287408907797562,NA,0.00451295075104863,0.012354086368469472,NA,6.51467879363106e-4,NA,0,NA,NA,NA,7.33731592206305e-4,0.1159587867299128,NA,0.0384666838976838,NA,NA,NA,0.0126763473109786,0.0373976060750742,0,DFC_End
0,0.00774057235968655,NA,0.0194564903346604,NA,NA,0,0,0,NA,NA,0,0,NA,NA,NA,NA,NA,NA,0.06095562850645474,0.0211319666969347,NA,NA,NA,NA,NA,NA,NA,0.046912884437473164,NA,NA,NA,NA,0,NA,NA,NA,NA,NA,0.01028090513210332,0.160458130798781,0.00756033376321226,0.021335116542972477,NA,0.023021179536728,2.1156928697655e-4,0,0.0377904341584126,NA,NA,NA,0,NA,NA,NA,0.0219416751079848,0.0499999896251535,NA,0.123475034235519,NA,0,NA,0.01531894661215765,0,NA,NA,0.0019066641611625759,0.0245971870069393,NA,0.00942570494747478,0.02326430866315179,NA,NA,NA,NA,NA,NA,0.246613477523374,NA,NA,0,NA,0,0,0.0102123718127805,NA,0.0109379639515847,5.859974206731067e-4,7.5591187483957e-4,NA,NA,0,0.00634477089854449,NA,0.00893317035120839,NA,NA,0,NA,0.0275870874071061,NA,NA,NA,0,NA,0.0557354221860426,0,NA,0.00781138283687435,0,0.248789023523189,NA,0,NA,0,NA,NA,0,NA,0.019249960175533348,0,0,0.0406182276208171,0.0155953779083864,NA,NA,NA,0.0203952442322292,0.00730917577786433,0.0116061982685739,NA,0,NA,NA,0,0,0,0,0.0115217501643049,NA,0.010425749568682653,NA,0,NA,0.0015174983919552935,0.00296064071575468,0,0.00453696091211059,0,0.01071425614859284,0.0016251085073357,NA,0,NA,NA,NA,NA,NA,NA,NA,NA,NA,0.00831714806693684,0.0228781511703156,NA,0.0028458601059964833,NA,NA,0.0545731077984253,0.0284550064788931,0,NA,NA,0.033228954313876305,0,NA,NA,NA,NA,NA,0,NA,0.0024442918921578,8.8668120379529e-4,NA,0,0.003081318464888005,0.00289123724703241,0,0.004663618539661325,0.00773609943808305,5.701179752224475e-4,NA,0.004460156736268706,0.01816602355249035,0,0.00219892863166611,NA,0.00201702762291298,NA,NA,0,0.105972617513017,0,0,4.6966429201307e-4,NA,0.00816058349400057,NA,NA,4.909312433676033e-4,0.0222229635278321,0.0033270520812254,NA,NA,0.050261531161276476,NA,NA,NA,0.0101361204021258,NA,NA,0,0.00123185594225167,0.00171996763266803,0,0.03298716115868255,0,NA,0.0306797550799284,NA,NA,0,0.006252640895654117,NA,0.0029344300464792,NA,NA,0,NA,NA,NA,NA,NA,0,0,NA,0.0544572472918448,NA,NA,0.00154474842050953,6.39940840558612e-4,0,0.00139678960411319,0.01496413771978654,NA,NA,NA,NA,0,0.12645043576635184,NA,0.0374782542447969,NA,NA,NA,NA,0,0.0168185053964776,NA,NA,NA,NA,NA,0.00918348424136855,0,NA,NA,NA,NA,NA,0,NA,NA,NA,0.015349408913378207,0,0.00639403732690483,0.062581889595409,0.0468464703056892,0.0241592284282852,0.0335360943412444,0,NA,NA,NA,NA,NA,NA,0.00775660236101277,0.010070468618617427,NA,0.017721420266981404,NA,NA,0,0.0091887995292156,NA,0.0149098004264746,0,NA,0.0255659911951953,0.0185101868119197,0.012509730310959767,0.005861720627744899,0,NA,NA,NA,NA,5.2182674288233e-4,0,NA,NA,NA,NA,NA,0.0190739157491065,NA,0.014706293236713299,0.001523578879266395,NA,0,0,0.007993396058653353,0,NA,NA,NA,NA,NA,0,0,0,NA,0,0,0,NA,NA,NA,NA,NA,NA,NA,NA,NA,NA,NA,NA,0.017417948566495867,NA,NA,0.01762856201892918,NA,NA,0.0365081547136305,0,NA,NA,0.0194184637056846,0,NA,0.00479880659434228,NA,0.00901284657162102,0.02107537075713995,6.3621937102466e-4,0.0130781755491055,0.0213870353045904,NA,NA,NA,0,0,0.0119565935174759,NA,NA,0.0132586116050675,NA,0.00291282313662265,0,NA,NA,NA,NA,NA,0.00182207896273584,0.0275665356851729,NA,0.0027576920356150586,0.002425198955843485,0.00186260148024867,0.001809302131579055,0,NA,0.01131272931083634,0,0,0,0.155521818646829,0,0,0,0,NA,NA,NA,0.032782108803982246,0,0.01345896726995775,0,NA,NA,0.0047888223789754655,0.005378565170829181,NA,0.0237593338226894,0.00447221794606705,NA,NA,0,NA,0.0181429887625672,0,NA,NA,0,0.012840135859497965,NA,0.008246853551503164,0.0136883833984028,NA,NA,NA,0,NA,0,NA,0.06476636884836465,NA,0.00641686707704929,NA,NA,NA,0,NA,0.0285999925291059,NA,NA,0.0045966708588650405,0.014264311360144463,NA,0.0534464715460437,0.0315413290086863,0.004737611651019534,0,0.0178445242190043,0,NA,NA,0.0310802669975411,0.0308294529268775,0.01050838681616461,0.0100039434090132,NA,NA,NA,2.3577705528256e-4,0.00775271988318505,NA,0,0.01813934953317332,NA,0.00206885810985888,NA,0,NA,NA,NA,0,0.594503890277724,NA,0.00358290155577689,NA,NA,NA,0,0.0139844003359327,0,DFC_Per
0,0,NA,0.034430231837099,NA,NA,0.144830506151884,0,0.07428888156319614,NA,NA,0.168789397075593,0.021863592207688548,NA,NA,NA,NA,NA,NA,0.6792121736564303,0.520719030159736,NA,NA,NA,NA,NA,NA,NA,0.40992335786202555,NA,NA,NA,NA,0.07746932934889565,NA,NA,NA,NA,NA,0.3509327969762946,0.468319853395691,0,0.1616140772152905,NA,0.160950655109055,0,0,0.241190573417645,NA,NA,NA,0.0786354397369807,NA,NA,NA,0.643687286848081,0.038299366602814,NA,0,NA,0,NA,0.14733477935403283,0,NA,NA,0.09340700832966974,0.582914016908741,NA,0.12602777520880867,0.114890115646617,NA,NA,NA,NA,NA,NA,0.880110900883695,NA,NA,0.146597477280038,NA,0.0651784313911371,0.135828946894961,0,NA,0.00868315162726575,0.03146329391523228,0.09685381568477304,NA,NA,0.01747909318601575,0,NA,0,NA,NA,0.0753199430771091,NA,0.562210557178267,NA,NA,NA,0.137566251640213,NA,0,0,NA,0,0,0,NA,0,NA,0,NA,NA,0,NA,0.2760545790142,0.0180643319966918,0.0388406019248175,0.381769480988198,0.390330726713766,NA,NA,NA,0,0.22314586280405,0,NA,0,NA,NA,0.0232404358724532,0.0589298568302486,0.319500369360418,0.0250590356348303,0,NA,0.0170578654806095,NA,0.125465989003038,NA,0.18036594522956237,0.01922392354006065,0.20608972203367149,0.06997697726024579,0.03048543306543695,0,0.002607946953823485,NA,0.0584863089368258,NA,NA,NA,NA,NA,NA,NA,NA,NA,0.02009732469365965,0.147128592395596,NA,0.0082538419673856,NA,NA,0,0,0,NA,NA,0.02191714793680935,0.110768916387686,NA,NA,NA,NA,NA,0,NA,0.188437671568094,0.214898522884837,NA,0,0.02704507896033517,0,0.0282820940396638,0.02084273227360725,0.02807712903842635,0,NA,0.0352914033367486,0.0755500164530705,0.0222663118686266,0.13839992961113365,NA,0.126936139847199,NA,NA,0.0556227403899656,0.840829004672506,0,0.0226817547284871,0.0190368333676757,NA,0.0020803306688057,NA,NA,0,0.0277054215953904,0,NA,NA,0,NA,NA,NA,0.05536427104672,NA,NA,0.18403896151823,0.015189179838718,0.0489312895979855,0.0438417874214471,0,0,NA,0.656304821945523,NA,NA,0,0.010176433169022874,NA,0.0683136219322165,NA,NA,0.107864285371918,NA,NA,NA,NA,NA,0.0651938348328999,9.8935009038005e-4,NA,0.11245290266930064,NA,NA,0,0.03929265476812804,0,0,0.21939412121637944,NA,NA,NA,NA,0.0837493956507875,1.0247100682286734,NA,0.1594202516356835,NA,NA,NA,NA,0.0890043166807757,0.2514648386302272,NA,NA,NA,NA,NA,0.1577652065184092,0.0432688219165783,NA,NA,NA,NA,NA,0.0696643168856651,NA,NA,NA,0,0,0.0809469355182017,0,0.0693302535832951,0,0.308662416874441,0.03061600396800924,NA,NA,NA,NA,NA,NA,0,0.06070167996067875,NA,0,NA,NA,0.0466433186141308,0,NA,0.788090260517873,0,NA,0.0637414309035429,0.215947144072485,0.05509397483333467,0.15628180592205912,0,NA,NA,NA,NA,0.338239372820042,0.011299266306967766,NA,NA,NA,NA,NA,0,NA,0.13208319734052848,0.401295817366089,NA,0.1408718485338051,0.299616244613469,0.08687999157546603,0,NA,NA,NA,NA,NA,0,0,0,NA,0.081140852540557,0.776828254441715,0,NA,NA,NA,NA,NA,NA,NA,NA,NA,NA,NA,NA,0.027177685231915234,NA,NA,0,NA,NA,0.314369642847747,0,NA,NA,0,0,NA,0.0404932132424469,NA,0,0.0064086186358179,0,0,0,NA,NA,NA,0,0.209561806472034,0.0828142915562799,NA,NA,0,NA,0,0,NA,NA,NA,NA,NA,0,0,NA,0,0,0,0.007703042269815265,0,NA,0.012739409287896181,4.567564628009825e-5,0,0.02070696080568255,0,0.02054432243983575,0,0,0.0996314248662604,NA,NA,NA,0.365732294304618,0,0,0.006500249623542639,NA,NA,0.015405190120205074,0,NA,0,0,NA,NA,0,NA,0,0,NA,NA,0,0,NA,0,0,NA,NA,NA,0,NA,0,NA,0.5984181060105799,NA,0.106271006551274,NA,NA,NA,0.0794874983361915,NA,0.0358473115807675,NA,NA,0.023170614138561522,0.05613786296078,NA,0,0.00717240222260805,0,0,0,0,NA,NA,0,0,0,0,NA,NA,NA,0.234744237652586,0.00278483314836616,NA,0.0358299607580694,0.0382866894857575,NA,0.0440857293014253,NA,0,NA,NA,NA,0.05324461763855535,3.845970730204065,NA,0.0303021135972198,NA,NA,NA,0.077417053692745,0.0935613671737394,0.0446567957993342,DFC_Ast
0,0,NA,0.415957784772344,NA,NA,0,0.595812531656908,0,NA,NA,0,0.1819516193079485,NA,NA,NA,NA,NA,NA,0.18941268205875966,0,NA,NA,NA,NA,NA,NA,NA,0.059767034513699996,NA,NA,NA,NA,0.04443170980331525,NA,NA,NA,NA,NA,0,0,0.973276465112018,0,NA,0.776540615278476,0.025796925517202,0,0.743927729743766,NA,NA,NA,0,NA,NA,NA,0.376145304975645,0,NA,0,NA,0,NA,0.29016311702123654,0.338797647305494,NA,NA,0.1862710138241541,0,NA,0.448724773575645,0,NA,NA,NA,NA,NA,NA,0,NA,NA,0.305255604281785,NA,0.5202551107707235,0,0.0765324545375916,NA,0.154973215677101,0.1553807134087645,0,NA,NA,0,0.387221811555169,NA,0.483071448155879,NA,NA,0,NA,0,NA,NA,NA,0,NA,0,0,NA,0.622556376138247,0.0675659188106445,0,NA,0.1510578270538884,NA,0.56085669073068,NA,NA,0,NA,0,0.261641966013621,0,0,0,NA,NA,NA,0,0,0.193841481376767,NA,1.13878995060695,NA,NA,0.250663031155691,0,0.0159731548388828,0.0903373233388003,0,NA,0.040174047318633666,NA,0,NA,0,0,0,0,0,0.25790432652776996,0,NA,0,NA,NA,NA,NA,NA,NA,NA,NA,NA,0.11588164400406921,0.183936658754333,NA,0,NA,NA,0,0.461009839599209,0.07065104193962346,NA,NA,0.0536185898925715,0,NA,NA,NA,NA,NA,0.196400192088185,NA,0,0,NA,0.03303037183219395,0.17751677016500916,0.3027896847124928,0,0.1815989401733645,0,0.38375956014482726,NA,0,0,0.508063178506182,0,NA,0,NA,NA,0,0,0,0,0,NA,0.0630246238770829,NA,NA,0.06856618551720434,0,0,NA,NA,0,NA,NA,NA,0,NA,NA,0.739221304339704,0,0.225881961346605,0,0,0,NA,0,NA,NA,0,0.6533928021465663,NA,0,NA,NA,0.0356457852847686,NA,NA,NA,NA,NA,0,0.0400064598862373,NA,0,NA,NA,0,0,0.13677271531496701,0.0931953893486919,0.19050213680929265,NA,NA,NA,NA,0.0225765783568924,0.0398755925154465,NA,0.03340390584169825,NA,NA,NA,NA,0.721119215962711,0.09474008142731875,NA,NA,NA,NA,NA,0.284728060159435,0,NA,NA,NA,NA,NA,0.804084835927972,NA,NA,NA,0.3086539651336518,0,0,0.25919470385149,0.86634621113817,0,0,0.40725570954366436,NA,NA,NA,NA,NA,NA,0,0.4613339993572483,NA,0.7000047115659915,NA,NA,0,0.01985652120848575,NA,0,0.563329920772316,NA,1.06438809895716,0,0.45635572659043966,0.425733211337076,0.0282510747847944,NA,NA,NA,NA,0.281231310585033,0.009037863949252567,NA,NA,NA,NA,NA,0,NA,0.38102043963995236,0.539102138084018,NA,0.501403993147449,0.729271461213704,0.37277726052527116,0.0252064811423127,NA,NA,NA,NA,NA,1.03612051570802,0,0,NA,0.0095316473366965,0,0,NA,NA,NA,NA,NA,NA,NA,NA,NA,NA,NA,NA,0,NA,NA,1.1511061608812425,NA,NA,2.76348269232485e-5,0.105620885744742,NA,NA,0.57265074972417,0,NA,0,NA,0,0.119422589804487,0.0773552821104496,0,0,NA,NA,NA,0,0,0.165175974307292,NA,NA,0,NA,0.801138171339257,0.206174945319197,NA,NA,NA,NA,NA,0.368955077806224,0.410411647960729,NA,0.005764998257059683,0,0,0.3954474006594295,0.23049542623068098,NA,0.03425302403591972,0.3573063903154695,0,0.08719629688036931,0,0.02390773427780925,0,0,0.571556337613303,NA,NA,NA,0.5050899906024685,0.10627013057934814,0.148260908190511,0.2616420881396417,NA,NA,0.07975999998110678,0.03668921486896655,NA,0,0,NA,NA,0,NA,0,0,NA,NA,1.29415021856091,0.0561910940720865,NA,0.03368410711166325,0,NA,NA,NA,0.224277944279165,NA,0,NA,0.3025249074203925,NA,0,NA,NA,NA,0,NA,0,NA,NA,0.07415431352205466,0.13112372383550056,NA,0.169621415751394,0.519943735339285,0.40780377830506576,0.243550035408721,0.0097388587863857,0,NA,NA,0.330930891114869,0.229808503228791,0.3018186356504575,0.455822342963423,NA,NA,NA,0,0.170718767850318,NA,0,0,NA,0.6042867238951536,NA,0,NA,NA,NA,0.11758396637424956,2.791269001642551,NA,0,NA,NA,NA,0,0,0.305907429411597,DFC_Oli
0,0,NA,0.0498139583364905,NA,NA,0.0398100407393625,0,0,NA,NA,0,0,NA,NA,NA,NA,NA,NA,0.0815400631915313,0.0883666244423949,NA,NA,NA,NA,NA,NA,NA,0.055023652899476666,NA,NA,NA,NA,0.0352486348845334,NA,NA,NA,NA,NA,0.07655923432773483,0.154134423428004,0,0.060497612205027,NA,0,0,0,0.00123014715158747,NA,NA,NA,0.0087090990824603,NA,NA,NA,0.0430951601653695,0,NA,0,NA,0,NA,0,0,NA,NA,0.010987736959740152,0.0331094970796447,NA,0.00853904327288702,0.0020126272709357,NA,NA,NA,NA,NA,NA,0.043406118282505,NA,NA,0.017331959517267,NA,0.005516868840533195,0,0,NA,0,0,0.0030189770745142203,NA,NA,0,0.0233263567866805,NA,0,NA,NA,0,NA,0.00112660251794418,NA,NA,NA,4.8185898799067e-4,NA,0,0,NA,0,0.0105133079301252,0,NA,0.00715891684667358,NA,0.00825793142661583,NA,NA,0.0890042767886535,NA,0.01817459216715165,0.055827595285217455,0.0064474159647208,0.0304462369269492,0.0806812851033072,NA,NA,NA,0,0.0629241113600898,0.0894327502130725,NA,0,NA,NA,0,0,0.13847403787017,0.0350371651390723,0,NA,0.051849411661977804,NA,0.0644798025704334,NA,0.08882377064818542,0.02032539720322435,0.07557559644213546,0.0446936921482319,0.06567827009006849,0.01660033135110684,0.01050433144766843,NA,0.0713673274065011,NA,NA,NA,NA,NA,NA,NA,NA,NA,0.04167729147884365,0,NA,0,NA,NA,0,0,0,NA,NA,0,0,NA,NA,NA,NA,NA,0.0284193567499829,NA,0.0401805141361679,0.0203081987821702,NA,0,0.03221856813187045,0.004462071015362425,0.0137817113346653,0.0541922328089153,0.01314329094311385,0,NA,0.0169961596606564,0,5.5441134436751e-4,0.00883140134653615,NA,0.0370567243155752,NA,NA,0,0.160347526178877,0,0,0.00779479063455642,NA,0,NA,NA,0.009475446873273712,0.0622399128797748,0,NA,NA,0,NA,NA,NA,0,NA,NA,0.088380975109379,0.0338528314467077,0.00520755765404325,0,0,0,NA,0.0548315919791806,NA,NA,0,0.022713797694964084,NA,0.00561798748373222,NA,NA,0.032288525399209,NA,NA,NA,NA,NA,0,0.0375776028971988,NA,0,NA,NA,0,0.00235268367530948,0,0,0.020251778949700407,NA,NA,NA,NA,0.00396511700578707,0.041021749406775804,NA,0,NA,NA,NA,NA,0,0,NA,NA,NA,NA,NA,0.0382331112814325,0,NA,NA,NA,NA,NA,0,NA,NA,NA,0.051746323556713804,0,0.0368851604026139,0,0,0.0705662869206089,0,0.016927914701585067,NA,NA,NA,NA,NA,NA,0,0,NA,0,NA,NA,0.0154289608089625,0,NA,0,0,NA,0,0.00749641778918415,0,0.0015316090321646598,0,NA,NA,NA,NA,0.0252461241498653,8.832919308671934e-4,NA,NA,NA,NA,NA,0,NA,0.022983767951985798,0.01524207610731655,NA,0,0,0.019219307867229495,0,NA,NA,NA,NA,NA,0.00211164194598906,0,0,NA,0.0133797248666979,0,0,NA,NA,NA,NA,NA,NA,NA,NA,NA,NA,NA,NA,0,NA,NA,0.00798685299978285,NA,NA,0,0,NA,NA,0,0.010505225545243154,NA,0.0185512318585413,NA,0.01652431251121175,0.0846282767688912,0,0,0.00152746490641029,NA,NA,NA,0,0.0859522724437399,0.150352352674824,NA,NA,0.0018462346316345,NA,0,0,NA,NA,NA,NA,NA,0,0,NA,0,0.00952980525384545,0.0214956265872453,0.03261653390562832,0.0717850799536425,NA,0.03753158082241793,0.017112959675816344,0.022911974298004,0.03845727923648108,0,0.00386017430801101,0.0381512399207186,0,0,NA,NA,NA,0,0.0055791246401173,0,0.03150506695971296,NA,NA,0,0.0484263241717765,NA,0,0,NA,NA,0,NA,0,0,NA,NA,0.0447587040751801,0,NA,0,0.00300112285962979,NA,NA,NA,0,NA,0.0310345376338197,NA,0.0788809564379031,NA,0.0140391886067301,NA,NA,NA,0,NA,0.103087556250024,NA,NA,0.03143699335649565,0.06207846862368098,NA,0.0205665681716247,0.00192340667958321,0.005400627944159425,0,0,0,NA,NA,0,0,0,0.0645840143750587,NA,NA,NA,0.05972034225971035,0.0069902746528951,NA,0.018525681469821,0.0406639692901222,NA,0,NA,0.0059386859066568,NA,NA,NA,0.02574630065793525,0.3080739165875125,NA,0,NA,NA,NA,0.0339033679042191,0.0353969996773193,0.00917344852294125,DFC_OPC
0.0253109975235526,0.00569354418898045,NA,0,NA,NA,0,0,0,NA,NA,0,0.01323477790863155,NA,NA,NA,NA,NA,NA,0,0.00418882868038372,NA,NA,NA,NA,NA,NA,NA,0.09049969798627934,NA,NA,NA,NA,0.002825439079321515,NA,NA,NA,NA,NA,0.028108417128220948,0.0611106801554934,0,0.054422692870602,NA,0,0,0.0580342105942273,0,NA,NA,NA,1.4051165726433e-4,NA,NA,NA,0,0,NA,0.0965005841645808,NA,0,NA,0.00553949142239685,0.0201589026035813,NA,NA,0.010612808077382607,0,NA,0.00258299920642972,0,NA,NA,NA,NA,NA,NA,0,NA,NA,0,NA,0,0,0,NA,0.03626081600940815,0.0035176866838867553,1.3642808151657332e-4,NA,NA,0.036539763763068,0.012114554707623,NA,0,NA,NA,0.034178047780837065,NA,0,NA,NA,NA,0.00651788169736388,NA,0,0.00760606880694025,NA,0,0.0163575794401092,0.275314522071606,NA,0.01729676127467865,NA,0.0387608014346937,NA,NA,0.0907037865505751,NA,0,0.03648804929386355,0.0405934729439248,0,0.00946647877844844,NA,NA,NA,0.00279220575322696,0,0,NA,0,NA,NA,0,0,0.0308161785089898,0,0.00230292705980009,NA,0.0565797238545208,NA,0.12297153461401,NA,0.041180516147127665,0.0214942830271219,0.052152082920491366,0.0257424033254238,0.04941864972236765,0.0706953210878652,0.0037547467385973246,NA,0.0306375977451188,NA,NA,NA,NA,NA,NA,NA,NA,NA,0.012844600873459535,0,NA,0.014178685941521767,NA,NA,0.0164617861458188,0.0319194473200388,0,NA,NA,0,0.00736061456887949,NA,NA,NA,NA,NA,0.0184550613649333,NA,0,0,NA,0.01024434725298225,0.023590054859676222,0.05954409263048244,0,0.0322723903164557,0.022105634767282976,0.00111240242304256,NA,0,0,0,0.004135807034953345,NA,0.0453432249809313,NA,NA,0.0152122031255955,0.184450295782646,0,0.0468924963161406,0.0493313263764666,NA,0,NA,NA,0.0417267447335915,0.0379434284553013,0,NA,NA,0.022251819873898265,NA,NA,NA,0,NA,NA,0,0.039492040169566346,0.02403386282887415,0,0.0339342928299641,0.0195480946784242,NA,0,NA,NA,0.00627167592520841,3.021382915817225e-4,NA,0,NA,NA,0,NA,NA,NA,NA,NA,0,0,NA,0,NA,NA,0.00638318840916575,3.6215522340480005e-4,0.00236017166337328,0,0,NA,NA,NA,NA,0,0,NA,0,NA,NA,NA,NA,0,0,NA,NA,NA,NA,NA,0,0,NA,NA,NA,NA,NA,0,NA,NA,NA,0.03753275178092317,0,0,0,0,0.166134053018973,0,0.015654673545817666,NA,NA,NA,NA,NA,NA,0.0226202153894258,0.0035177331628236,NA,0,NA,NA,0,0.0771792055107185,NA,0,0,NA,0,0,0.010162649529682433,0.010868050047331967,0,NA,NA,NA,NA,0,0.00655255816757148,NA,NA,NA,NA,NA,0,NA,0.010457893992142734,0,NA,0,0,0.005386074975454333,0.0213182639425354,NA,NA,NA,NA,NA,0.015760916933092,0.0201277772084014,0,NA,0.0347133144925429,0,0.0121400523728883,NA,NA,NA,NA,NA,NA,NA,NA,NA,NA,NA,NA,0,NA,NA,0,NA,NA,0,0,NA,NA,0.0068328729273284,0.0420041997553187,NA,0,NA,0.08905603140554075,0.090026965843076,0.00273944138173886,0.0133126173719325,0.057234835115912,NA,NA,NA,0.00758870609206537,0,0,NA,NA,0.0204472498011253,NA,0,0,NA,NA,NA,NA,NA,0.00474528800982975,0.0325184370890037,NA,0.033027623224999136,0.03820146191881835,0.0820748768622047,0.01390680131960475,0.03748609325459955,NA,0.07527636588254875,0.02674134174245795,0.0484145216946927,0.113325756586168,0.180554753021726,0.03019281236423815,0.121655319718309,0.0357138904195423,0,NA,NA,NA,0,0.021841317055456878,0.018524275890298,0.04126067539173582,NA,NA,0.0498431115855945,0.07327180621787045,NA,0.0157798078729405,0,NA,NA,0.0875380530612462,NA,6.9318865020719e-4,0,NA,NA,0,0.0181067535899872,NA,0,0.0199531725197126,NA,NA,NA,0.0149003058035347,NA,0,NA,0,NA,0.0416425101342785,NA,NA,NA,0,NA,0.0618937600772312,NA,NA,0.014914967375391754,0.0594136792153858,NA,0.0782495222302116,0.00831634056706695,0.02040168190916415,0.0275280283478191,0,0.0454581304404997,NA,NA,0,0.0215115601883315,0.01945065049832175,0.0364067599668857,NA,NA,NA,0,0.0053731418761156,NA,0,0.018430227848721906,NA,0.01008000028586514,NA,0.0260206385706173,NA,NA,NA,0,0,NA,0,NA,NA,NA,0.00373207644825642,0,0,DFC_Mic
